50 ### 9 1; 10 1; 11 1; 12 1; 13 1; 14 1; 15 1; 16 1; 17 1; 18 1; 19 1; 20 1; 21 1; 22 1; 23 1; 24 1; 25 1; 26 1; 27 1; 28 1; 29 1; 30 1; 31 1; 32 1; 33 1; 59 1; 60 1; 61 1; 62 1; 63 1; 64 1; 65 1; 66 1; 67 1; 68 1; 69 1; 70 1; 71 1; 72 1; 73 1; 74 1; 75 1; 76 1; 77 1; 78 1; 79 1; 80 1; 81 1; 82 1; 83 1; ### 1 ### 0 
50 ### 9 1; 10 1; 11 1; 12 1; 13 1; 14 1; 15 1; 16 1; 17 1; 18 1; 19 1; 20 1; 21 1; 22 1; 23 1; 24 1; 25 1; 26 1; 27 1; 28 1; 29 1; 30 1; 31 1; 32 1; 33 1; 59 1; 60 1; 61 1; 62 1; 63 1; 64 1; 65 1; 66 1; 67 1; 68 1; 69 1; 70 1; 71 1; 72 1; 73 1; 74 1; 75 1; 76 1; 77 1; 78 1; 79 1; 80 1; 81 1; 82 1; 83 1; ### 1 ### 0 
50 ### 9 1; 10 1; 11 1; 12 1; 13 1; 14 1; 15 1; 16 1; 17 1; 18 1; 19 1; 20 1; 21 1; 22 1; 23 1; 24 1; 25 1; 26 1; 27 1; 28 1; 29 1; 30 1; 31 1; 32 1; 33 1; 59 1; 60 1; 61 1; 62 1; 63 1; 64 1; 65 1; 66 1; 67 1; 68 1; 69 1; 70 1; 71 1; 72 1; 73 1; 74 1; 75 1; 76 1; 77 1; 78 1; 79 1; 80 1; 81 1; 82 1; 83 1; ### 1 ### 0 
50 ### 9 1; 10 1; 11 1; 12 1; 13 1; 14 1; 15 1; 16 1; 17 1; 18 1; 19 1; 20 1; 21 1; 22 1; 23 1; 24 1; 25 1; 26 1; 27 1; 28 1; 29 1; 30 1; 31 1; 32 1; 33 1; 59 1; 60 1; 61 1; 62 1; 63 1; 64 1; 65 1; 66 1; 67 1; 68 1; 69 1; 70 1; 71 1; 72 1; 73 1; 74 1; 75 1; 76 1; 77 1; 78 1; 79 1; 80 1; 81 1; 82 1; 83 1; ### 1 ### 0 
50 ### 9 1; 10 1; 11 1; 12 1; 13 1; 14 1; 15 1; 16 1; 17 1; 18 1; 19 1; 20 1; 21 1; 22 1; 23 1; 24 1; 25 1; 26 1; 27 1; 28 1; 29 1; 30 1; 31 1; 32 1; 33 1; 59 1; 60 1; 61 1; 62 1; 63 1; 64 1; 65 1; 66 1; 67 1; 68 1; 69 1; 70 1; 71 1; 72 1; 73 1; 74 1; 75 1; 76 1; 77 1; 78 1; 79 1; 80 1; 81 1; 82 1; 83 1; ### 1 ### 0 
50 ### 9 1; 10 1; 11 1; 12 1; 13 1; 14 1; 15 1; 16 1; 17 1; 18 1; 19 1; 20 1; 21 1; 22 1; 23 1; 24 1; 25 1; 26 1; 27 1; 28 1; 29 1; 30 1; 31 1; 32 1; 33 1; 59 1; 60 1; 61 1; 62 1; 63 1; 64 1; 65 1; 66 1; 67 1; 68 1; 69 1; 70 1; 71 1; 72 1; 73 1; 74 1; 75 1; 76 1; 77 1; 78 1; 79 1; 80 1; 81 1; 82 1; 83 1; ### 1 ### 0 
50 ### 9 1; 10 1; 11 1; 12 1; 13 1; 14 1; 15 1; 16 1; 17 1; 18 1; 19 1; 20 1; 21 1; 22 1; 23 1; 24 1; 25 1; 26 1; 27 1; 28 1; 29 1; 30 1; 31 1; 32 1; 33 1; 59 1; 60 1; 61 1; 62 1; 63 1; 64 1; 65 1; 66 1; 67 1; 68 1; 69 1; 70 1; 71 1; 72 1; 73 1; 74 1; 75 1; 76 1; 77 1; 78 1; 79 1; 80 1; 81 1; 82 1; 83 1; ### 1 ### 0 
50 ### 9 1; 10 1; 11 1; 12 1; 13 1; 14 1; 15 1; 16 1; 17 1; 18 1; 19 1; 20 1; 21 1; 22 1; 23 1; 24 1; 25 1; 26 1; 27 1; 28 1; 29 1; 30 1; 31 1; 32 1; 33 1; 59 1; 60 1; 61 1; 62 1; 63 1; 64 1; 65 1; 66 1; 67 1; 68 1; 69 1; 70 1; 71 1; 72 1; 73 1; 74 1; 75 1; 76 1; 77 1; 78 1; 79 1; 80 1; 81 1; 82 1; 83 1; ### 1 ### 0 
1 ### 34 1; ### 1 ### 2 
1 ### 35 1; ### 1 ### 2 
1 ### 36 1; ### 1 ### 2 
1 ### 37 1; ### 1 ### 2 
1 ### 38 1; ### 1 ### 2 
1 ### 39 1; ### 1 ### 2 
1 ### 40 1; ### 1 ### 2 
1 ### 41 1; ### 1 ### 2 
1 ### 42 1; ### 1 ### 2 
1 ### 43 1; ### 1 ### 2 
1 ### 44 1; ### 1 ### 2 
1 ### 45 1; ### 1 ### 2 
1 ### 46 1; ### 1 ### 2 
1 ### 47 1; ### 1 ### 2 
1 ### 48 1; ### 1 ### 2 
1 ### 49 1; ### 1 ### 2 
1 ### 50 1; ### 1 ### 2 
1 ### 51 1; ### 1 ### 2 
1 ### 52 1; ### 1 ### 2 
1 ### 53 1; ### 1 ### 2 
1 ### 54 1; ### 1 ### 2 
1 ### 55 1; ### 1 ### 2 
1 ### 56 1; ### 1 ### 2 
1 ### 57 1; ### 1 ### 2 
1 ### 58 1; ### 1 ### 2 
25 ### 59 1; 60 1; 61 1; 62 1; 63 1; 64 1; 65 1; 66 1; 67 1; 68 1; 69 1; 70 1; 71 1; 72 1; 73 1; 74 1; 75 1; 76 1; 77 1; 78 1; 79 1; 80 1; 81 1; 82 1; 83 1; ### 2 ### 0 1 
25 ### 59 1; 60 1; 61 1; 62 1; 63 1; 64 1; 65 1; 66 1; 67 1; 68 1; 69 1; 70 1; 71 1; 72 1; 73 1; 74 1; 75 1; 76 1; 77 1; 78 1; 79 1; 80 1; 81 1; 82 1; 83 1; ### 2 ### 0 1 
25 ### 59 1; 60 1; 61 1; 62 1; 63 1; 64 1; 65 1; 66 1; 67 1; 68 1; 69 1; 70 1; 71 1; 72 1; 73 1; 74 1; 75 1; 76 1; 77 1; 78 1; 79 1; 80 1; 81 1; 82 1; 83 1; ### 2 ### 0 1 
25 ### 59 1; 60 1; 61 1; 62 1; 63 1; 64 1; 65 1; 66 1; 67 1; 68 1; 69 1; 70 1; 71 1; 72 1; 73 1; 74 1; 75 1; 76 1; 77 1; 78 1; 79 1; 80 1; 81 1; 82 1; 83 1; ### 2 ### 0 1 
25 ### 59 1; 60 1; 61 1; 62 1; 63 1; 64 1; 65 1; 66 1; 67 1; 68 1; 69 1; 70 1; 71 1; 72 1; 73 1; 74 1; 75 1; 76 1; 77 1; 78 1; 79 1; 80 1; 81 1; 82 1; 83 1; ### 2 ### 0 1 
25 ### 59 1; 60 1; 61 1; 62 1; 63 1; 64 1; 65 1; 66 1; 67 1; 68 1; 69 1; 70 1; 71 1; 72 1; 73 1; 74 1; 75 1; 76 1; 77 1; 78 1; 79 1; 80 1; 81 1; 82 1; 83 1; ### 2 ### 0 1 
25 ### 59 1; 60 1; 61 1; 62 1; 63 1; 64 1; 65 1; 66 1; 67 1; 68 1; 69 1; 70 1; 71 1; 72 1; 73 1; 74 1; 75 1; 76 1; 77 1; 78 1; 79 1; 80 1; 81 1; 82 1; 83 1; ### 2 ### 0 1 
25 ### 59 1; 60 1; 61 1; 62 1; 63 1; 64 1; 65 1; 66 1; 67 1; 68 1; 69 1; 70 1; 71 1; 72 1; 73 1; 74 1; 75 1; 76 1; 77 1; 78 1; 79 1; 80 1; 81 1; 82 1; 83 1; ### 2 ### 0 1 
25 ### 59 1; 60 1; 61 1; 62 1; 63 1; 64 1; 65 1; 66 1; 67 1; 68 1; 69 1; 70 1; 71 1; 72 1; 73 1; 74 1; 75 1; 76 1; 77 1; 78 1; 79 1; 80 1; 81 1; 82 1; 83 1; ### 2 ### 0 1 
25 ### 59 1; 60 1; 61 1; 62 1; 63 1; 64 1; 65 1; 66 1; 67 1; 68 1; 69 1; 70 1; 71 1; 72 1; 73 1; 74 1; 75 1; 76 1; 77 1; 78 1; 79 1; 80 1; 81 1; 82 1; 83 1; ### 2 ### 0 1 
25 ### 59 1; 60 1; 61 1; 62 1; 63 1; 64 1; 65 1; 66 1; 67 1; 68 1; 69 1; 70 1; 71 1; 72 1; 73 1; 74 1; 75 1; 76 1; 77 1; 78 1; 79 1; 80 1; 81 1; 82 1; 83 1; ### 2 ### 0 1 
25 ### 59 1; 60 1; 61 1; 62 1; 63 1; 64 1; 65 1; 66 1; 67 1; 68 1; 69 1; 70 1; 71 1; 72 1; 73 1; 74 1; 75 1; 76 1; 77 1; 78 1; 79 1; 80 1; 81 1; 82 1; 83 1; ### 2 ### 0 1 
25 ### 59 1; 60 1; 61 1; 62 1; 63 1; 64 1; 65 1; 66 1; 67 1; 68 1; 69 1; 70 1; 71 1; 72 1; 73 1; 74 1; 75 1; 76 1; 77 1; 78 1; 79 1; 80 1; 81 1; 82 1; 83 1; ### 2 ### 0 1 
25 ### 59 1; 60 1; 61 1; 62 1; 63 1; 64 1; 65 1; 66 1; 67 1; 68 1; 69 1; 70 1; 71 1; 72 1; 73 1; 74 1; 75 1; 76 1; 77 1; 78 1; 79 1; 80 1; 81 1; 82 1; 83 1; ### 2 ### 0 1 
25 ### 59 1; 60 1; 61 1; 62 1; 63 1; 64 1; 65 1; 66 1; 67 1; 68 1; 69 1; 70 1; 71 1; 72 1; 73 1; 74 1; 75 1; 76 1; 77 1; 78 1; 79 1; 80 1; 81 1; 82 1; 83 1; ### 2 ### 0 1 
25 ### 59 1; 60 1; 61 1; 62 1; 63 1; 64 1; 65 1; 66 1; 67 1; 68 1; 69 1; 70 1; 71 1; 72 1; 73 1; 74 1; 75 1; 76 1; 77 1; 78 1; 79 1; 80 1; 81 1; 82 1; 83 1; ### 2 ### 0 1 
25 ### 59 1; 60 1; 61 1; 62 1; 63 1; 64 1; 65 1; 66 1; 67 1; 68 1; 69 1; 70 1; 71 1; 72 1; 73 1; 74 1; 75 1; 76 1; 77 1; 78 1; 79 1; 80 1; 81 1; 82 1; 83 1; ### 2 ### 0 1 
25 ### 59 1; 60 1; 61 1; 62 1; 63 1; 64 1; 65 1; 66 1; 67 1; 68 1; 69 1; 70 1; 71 1; 72 1; 73 1; 74 1; 75 1; 76 1; 77 1; 78 1; 79 1; 80 1; 81 1; 82 1; 83 1; ### 2 ### 0 1 
25 ### 59 1; 60 1; 61 1; 62 1; 63 1; 64 1; 65 1; 66 1; 67 1; 68 1; 69 1; 70 1; 71 1; 72 1; 73 1; 74 1; 75 1; 76 1; 77 1; 78 1; 79 1; 80 1; 81 1; 82 1; 83 1; ### 2 ### 0 1 
25 ### 59 1; 60 1; 61 1; 62 1; 63 1; 64 1; 65 1; 66 1; 67 1; 68 1; 69 1; 70 1; 71 1; 72 1; 73 1; 74 1; 75 1; 76 1; 77 1; 78 1; 79 1; 80 1; 81 1; 82 1; 83 1; ### 2 ### 0 1 
25 ### 59 1; 60 1; 61 1; 62 1; 63 1; 64 1; 65 1; 66 1; 67 1; 68 1; 69 1; 70 1; 71 1; 72 1; 73 1; 74 1; 75 1; 76 1; 77 1; 78 1; 79 1; 80 1; 81 1; 82 1; 83 1; ### 2 ### 0 1 
25 ### 59 1; 60 1; 61 1; 62 1; 63 1; 64 1; 65 1; 66 1; 67 1; 68 1; 69 1; 70 1; 71 1; 72 1; 73 1; 74 1; 75 1; 76 1; 77 1; 78 1; 79 1; 80 1; 81 1; 82 1; 83 1; ### 2 ### 0 1 
25 ### 59 1; 60 1; 61 1; 62 1; 63 1; 64 1; 65 1; 66 1; 67 1; 68 1; 69 1; 70 1; 71 1; 72 1; 73 1; 74 1; 75 1; 76 1; 77 1; 78 1; 79 1; 80 1; 81 1; 82 1; 83 1; ### 2 ### 0 1 
25 ### 59 1; 60 1; 61 1; 62 1; 63 1; 64 1; 65 1; 66 1; 67 1; 68 1; 69 1; 70 1; 71 1; 72 1; 73 1; 74 1; 75 1; 76 1; 77 1; 78 1; 79 1; 80 1; 81 1; 82 1; 83 1; ### 2 ### 0 1 
25 ### 59 1; 60 1; 61 1; 62 1; 63 1; 64 1; 65 1; 66 1; 67 1; 68 1; 69 1; 70 1; 71 1; 72 1; 73 1; 74 1; 75 1; 76 1; 77 1; 78 1; 79 1; 80 1; 81 1; 82 1; 83 1; ### 2 ### 0 1 
51 ### 84 1; 9 1; 10 1; 11 1; 12 1; 13 1; 14 1; 15 1; 16 1; 17 1; 18 1; 19 1; 20 1; 21 1; 22 1; 23 1; 24 1; 25 1; 26 1; 27 1; 28 1; 29 1; 30 1; 31 1; 32 1; 33 1; 9 2; 10 2; 11 2; 12 2; 13 2; 14 2; 15 2; 16 2; 17 2; 18 2; 19 2; 20 2; 21 2; 22 2; 23 2; 24 2; 25 2; 26 2; 27 2; 28 2; 29 2; 30 2; 31 2; 32 2; 33 2; ### 1 ### 1 
51 ### 84 1; 9 1; 10 1; 11 1; 12 1; 13 1; 14 1; 15 1; 16 1; 17 1; 18 1; 19 1; 20 1; 21 1; 22 1; 23 1; 24 1; 25 1; 26 1; 27 1; 28 1; 29 1; 30 1; 31 1; 32 1; 33 1; 9 2; 10 2; 11 2; 12 2; 13 2; 14 2; 15 2; 16 2; 17 2; 18 2; 19 2; 20 2; 21 2; 22 2; 23 2; 24 2; 25 2; 26 2; 27 2; 28 2; 29 2; 30 2; 31 2; 32 2; 33 2; ### 1 ### 1 
51 ### 84 1; 9 1; 10 1; 11 1; 12 1; 13 1; 14 1; 15 1; 16 1; 17 1; 18 1; 19 1; 20 1; 21 1; 22 1; 23 1; 24 1; 25 1; 26 1; 27 1; 28 1; 29 1; 30 1; 31 1; 32 1; 33 1; 9 2; 10 2; 11 2; 12 2; 13 2; 14 2; 15 2; 16 2; 17 2; 18 2; 19 2; 20 2; 21 2; 22 2; 23 2; 24 2; 25 2; 26 2; 27 2; 28 2; 29 2; 30 2; 31 2; 32 2; 33 2; ### 1 ### 1 
51 ### 84 1; 9 1; 10 1; 11 1; 12 1; 13 1; 14 1; 15 1; 16 1; 17 1; 18 1; 19 1; 20 1; 21 1; 22 1; 23 1; 24 1; 25 1; 26 1; 27 1; 28 1; 29 1; 30 1; 31 1; 32 1; 33 1; 9 2; 10 2; 11 2; 12 2; 13 2; 14 2; 15 2; 16 2; 17 2; 18 2; 19 2; 20 2; 21 2; 22 2; 23 2; 24 2; 25 2; 26 2; 27 2; 28 2; 29 2; 30 2; 31 2; 32 2; 33 2; ### 1 ### 1 
51 ### 84 1; 9 1; 10 1; 11 1; 12 1; 13 1; 14 1; 15 1; 16 1; 17 1; 18 1; 19 1; 20 1; 21 1; 22 1; 23 1; 24 1; 25 1; 26 1; 27 1; 28 1; 29 1; 30 1; 31 1; 32 1; 33 1; 9 2; 10 2; 11 2; 12 2; 13 2; 14 2; 15 2; 16 2; 17 2; 18 2; 19 2; 20 2; 21 2; 22 2; 23 2; 24 2; 25 2; 26 2; 27 2; 28 2; 29 2; 30 2; 31 2; 32 2; 33 2; ### 1 ### 1 
51 ### 84 1; 9 1; 10 1; 11 1; 12 1; 13 1; 14 1; 15 1; 16 1; 17 1; 18 1; 19 1; 20 1; 21 1; 22 1; 23 1; 24 1; 25 1; 26 1; 27 1; 28 1; 29 1; 30 1; 31 1; 32 1; 33 1; 9 2; 10 2; 11 2; 12 2; 13 2; 14 2; 15 2; 16 2; 17 2; 18 2; 19 2; 20 2; 21 2; 22 2; 23 2; 24 2; 25 2; 26 2; 27 2; 28 2; 29 2; 30 2; 31 2; 32 2; 33 2; ### 1 ### 1 
51 ### 84 1; 9 1; 10 1; 11 1; 12 1; 13 1; 14 1; 15 1; 16 1; 17 1; 18 1; 19 1; 20 1; 21 1; 22 1; 23 1; 24 1; 25 1; 26 1; 27 1; 28 1; 29 1; 30 1; 31 1; 32 1; 33 1; 9 2; 10 2; 11 2; 12 2; 13 2; 14 2; 15 2; 16 2; 17 2; 18 2; 19 2; 20 2; 21 2; 22 2; 23 2; 24 2; 25 2; 26 2; 27 2; 28 2; 29 2; 30 2; 31 2; 32 2; 33 2; ### 1 ### 1 
51 ### 84 1; 9 1; 10 1; 11 1; 12 1; 13 1; 14 1; 15 1; 16 1; 17 1; 18 1; 19 1; 20 1; 21 1; 22 1; 23 1; 24 1; 25 1; 26 1; 27 1; 28 1; 29 1; 30 1; 31 1; 32 1; 33 1; 9 2; 10 2; 11 2; 12 2; 13 2; 14 2; 15 2; 16 2; 17 2; 18 2; 19 2; 20 2; 21 2; 22 2; 23 2; 24 2; 25 2; 26 2; 27 2; 28 2; 29 2; 30 2; 31 2; 32 2; 33 2; ### 1 ### 1 
51 ### 84 1; 9 1; 10 1; 11 1; 12 1; 13 1; 14 1; 15 1; 16 1; 17 1; 18 1; 19 1; 20 1; 21 1; 22 1; 23 1; 24 1; 25 1; 26 1; 27 1; 28 1; 29 1; 30 1; 31 1; 32 1; 33 1; 9 2; 10 2; 11 2; 12 2; 13 2; 14 2; 15 2; 16 2; 17 2; 18 2; 19 2; 20 2; 21 2; 22 2; 23 2; 24 2; 25 2; 26 2; 27 2; 28 2; 29 2; 30 2; 31 2; 32 2; 33 2; ### 1 ### 1 
51 ### 84 1; 9 1; 10 1; 11 1; 12 1; 13 1; 14 1; 15 1; 16 1; 17 1; 18 1; 19 1; 20 1; 21 1; 22 1; 23 1; 24 1; 25 1; 26 1; 27 1; 28 1; 29 1; 30 1; 31 1; 32 1; 33 1; 9 2; 10 2; 11 2; 12 2; 13 2; 14 2; 15 2; 16 2; 17 2; 18 2; 19 2; 20 2; 21 2; 22 2; 23 2; 24 2; 25 2; 26 2; 27 2; 28 2; 29 2; 30 2; 31 2; 32 2; 33 2; ### 1 ### 1 
51 ### 84 1; 9 1; 10 1; 11 1; 12 1; 13 1; 14 1; 15 1; 16 1; 17 1; 18 1; 19 1; 20 1; 21 1; 22 1; 23 1; 24 1; 25 1; 26 1; 27 1; 28 1; 29 1; 30 1; 31 1; 32 1; 33 1; 9 2; 10 2; 11 2; 12 2; 13 2; 14 2; 15 2; 16 2; 17 2; 18 2; 19 2; 20 2; 21 2; 22 2; 23 2; 24 2; 25 2; 26 2; 27 2; 28 2; 29 2; 30 2; 31 2; 32 2; 33 2; ### 1 ### 1 
51 ### 84 1; 9 1; 10 1; 11 1; 12 1; 13 1; 14 1; 15 1; 16 1; 17 1; 18 1; 19 1; 20 1; 21 1; 22 1; 23 1; 24 1; 25 1; 26 1; 27 1; 28 1; 29 1; 30 1; 31 1; 32 1; 33 1; 9 2; 10 2; 11 2; 12 2; 13 2; 14 2; 15 2; 16 2; 17 2; 18 2; 19 2; 20 2; 21 2; 22 2; 23 2; 24 2; 25 2; 26 2; 27 2; 28 2; 29 2; 30 2; 31 2; 32 2; 33 2; ### 1 ### 1 
51 ### 84 1; 9 1; 10 1; 11 1; 12 1; 13 1; 14 1; 15 1; 16 1; 17 1; 18 1; 19 1; 20 1; 21 1; 22 1; 23 1; 24 1; 25 1; 26 1; 27 1; 28 1; 29 1; 30 1; 31 1; 32 1; 33 1; 9 2; 10 2; 11 2; 12 2; 13 2; 14 2; 15 2; 16 2; 17 2; 18 2; 19 2; 20 2; 21 2; 22 2; 23 2; 24 2; 25 2; 26 2; 27 2; 28 2; 29 2; 30 2; 31 2; 32 2; 33 2; ### 1 ### 1 
51 ### 84 1; 9 1; 10 1; 11 1; 12 1; 13 1; 14 1; 15 1; 16 1; 17 1; 18 1; 19 1; 20 1; 21 1; 22 1; 23 1; 24 1; 25 1; 26 1; 27 1; 28 1; 29 1; 30 1; 31 1; 32 1; 33 1; 9 2; 10 2; 11 2; 12 2; 13 2; 14 2; 15 2; 16 2; 17 2; 18 2; 19 2; 20 2; 21 2; 22 2; 23 2; 24 2; 25 2; 26 2; 27 2; 28 2; 29 2; 30 2; 31 2; 32 2; 33 2; ### 1 ### 1 
51 ### 84 1; 9 1; 10 1; 11 1; 12 1; 13 1; 14 1; 15 1; 16 1; 17 1; 18 1; 19 1; 20 1; 21 1; 22 1; 23 1; 24 1; 25 1; 26 1; 27 1; 28 1; 29 1; 30 1; 31 1; 32 1; 33 1; 9 2; 10 2; 11 2; 12 2; 13 2; 14 2; 15 2; 16 2; 17 2; 18 2; 19 2; 20 2; 21 2; 22 2; 23 2; 24 2; 25 2; 26 2; 27 2; 28 2; 29 2; 30 2; 31 2; 32 2; 33 2; ### 1 ### 1 
51 ### 84 1; 9 1; 10 1; 11 1; 12 1; 13 1; 14 1; 15 1; 16 1; 17 1; 18 1; 19 1; 20 1; 21 1; 22 1; 23 1; 24 1; 25 1; 26 1; 27 1; 28 1; 29 1; 30 1; 31 1; 32 1; 33 1; 9 2; 10 2; 11 2; 12 2; 13 2; 14 2; 15 2; 16 2; 17 2; 18 2; 19 2; 20 2; 21 2; 22 2; 23 2; 24 2; 25 2; 26 2; 27 2; 28 2; 29 2; 30 2; 31 2; 32 2; 33 2; ### 1 ### 1 
51 ### 84 1; 9 1; 10 1; 11 1; 12 1; 13 1; 14 1; 15 1; 16 1; 17 1; 18 1; 19 1; 20 1; 21 1; 22 1; 23 1; 24 1; 25 1; 26 1; 27 1; 28 1; 29 1; 30 1; 31 1; 32 1; 33 1; 9 2; 10 2; 11 2; 12 2; 13 2; 14 2; 15 2; 16 2; 17 2; 18 2; 19 2; 20 2; 21 2; 22 2; 23 2; 24 2; 25 2; 26 2; 27 2; 28 2; 29 2; 30 2; 31 2; 32 2; 33 2; ### 1 ### 1 
51 ### 84 1; 9 1; 10 1; 11 1; 12 1; 13 1; 14 1; 15 1; 16 1; 17 1; 18 1; 19 1; 20 1; 21 1; 22 1; 23 1; 24 1; 25 1; 26 1; 27 1; 28 1; 29 1; 30 1; 31 1; 32 1; 33 1; 9 2; 10 2; 11 2; 12 2; 13 2; 14 2; 15 2; 16 2; 17 2; 18 2; 19 2; 20 2; 21 2; 22 2; 23 2; 24 2; 25 2; 26 2; 27 2; 28 2; 29 2; 30 2; 31 2; 32 2; 33 2; ### 1 ### 1 
51 ### 84 1; 9 1; 10 1; 11 1; 12 1; 13 1; 14 1; 15 1; 16 1; 17 1; 18 1; 19 1; 20 1; 21 1; 22 1; 23 1; 24 1; 25 1; 26 1; 27 1; 28 1; 29 1; 30 1; 31 1; 32 1; 33 1; 9 2; 10 2; 11 2; 12 2; 13 2; 14 2; 15 2; 16 2; 17 2; 18 2; 19 2; 20 2; 21 2; 22 2; 23 2; 24 2; 25 2; 26 2; 27 2; 28 2; 29 2; 30 2; 31 2; 32 2; 33 2; ### 1 ### 1 
51 ### 84 1; 9 1; 10 1; 11 1; 12 1; 13 1; 14 1; 15 1; 16 1; 17 1; 18 1; 19 1; 20 1; 21 1; 22 1; 23 1; 24 1; 25 1; 26 1; 27 1; 28 1; 29 1; 30 1; 31 1; 32 1; 33 1; 9 2; 10 2; 11 2; 12 2; 13 2; 14 2; 15 2; 16 2; 17 2; 18 2; 19 2; 20 2; 21 2; 22 2; 23 2; 24 2; 25 2; 26 2; 27 2; 28 2; 29 2; 30 2; 31 2; 32 2; 33 2; ### 1 ### 1 
51 ### 84 1; 9 1; 10 1; 11 1; 12 1; 13 1; 14 1; 15 1; 16 1; 17 1; 18 1; 19 1; 20 1; 21 1; 22 1; 23 1; 24 1; 25 1; 26 1; 27 1; 28 1; 29 1; 30 1; 31 1; 32 1; 33 1; 9 2; 10 2; 11 2; 12 2; 13 2; 14 2; 15 2; 16 2; 17 2; 18 2; 19 2; 20 2; 21 2; 22 2; 23 2; 24 2; 25 2; 26 2; 27 2; 28 2; 29 2; 30 2; 31 2; 32 2; 33 2; ### 1 ### 1 
51 ### 84 1; 9 1; 10 1; 11 1; 12 1; 13 1; 14 1; 15 1; 16 1; 17 1; 18 1; 19 1; 20 1; 21 1; 22 1; 23 1; 24 1; 25 1; 26 1; 27 1; 28 1; 29 1; 30 1; 31 1; 32 1; 33 1; 9 2; 10 2; 11 2; 12 2; 13 2; 14 2; 15 2; 16 2; 17 2; 18 2; 19 2; 20 2; 21 2; 22 2; 23 2; 24 2; 25 2; 26 2; 27 2; 28 2; 29 2; 30 2; 31 2; 32 2; 33 2; ### 1 ### 1 
51 ### 84 1; 9 1; 10 1; 11 1; 12 1; 13 1; 14 1; 15 1; 16 1; 17 1; 18 1; 19 1; 20 1; 21 1; 22 1; 23 1; 24 1; 25 1; 26 1; 27 1; 28 1; 29 1; 30 1; 31 1; 32 1; 33 1; 9 2; 10 2; 11 2; 12 2; 13 2; 14 2; 15 2; 16 2; 17 2; 18 2; 19 2; 20 2; 21 2; 22 2; 23 2; 24 2; 25 2; 26 2; 27 2; 28 2; 29 2; 30 2; 31 2; 32 2; 33 2; ### 1 ### 1 
51 ### 84 1; 9 1; 10 1; 11 1; 12 1; 13 1; 14 1; 15 1; 16 1; 17 1; 18 1; 19 1; 20 1; 21 1; 22 1; 23 1; 24 1; 25 1; 26 1; 27 1; 28 1; 29 1; 30 1; 31 1; 32 1; 33 1; 9 2; 10 2; 11 2; 12 2; 13 2; 14 2; 15 2; 16 2; 17 2; 18 2; 19 2; 20 2; 21 2; 22 2; 23 2; 24 2; 25 2; 26 2; 27 2; 28 2; 29 2; 30 2; 31 2; 32 2; 33 2; ### 1 ### 1 
51 ### 84 1; 9 1; 10 1; 11 1; 12 1; 13 1; 14 1; 15 1; 16 1; 17 1; 18 1; 19 1; 20 1; 21 1; 22 1; 23 1; 24 1; 25 1; 26 1; 27 1; 28 1; 29 1; 30 1; 31 1; 32 1; 33 1; 9 2; 10 2; 11 2; 12 2; 13 2; 14 2; 15 2; 16 2; 17 2; 18 2; 19 2; 20 2; 21 2; 22 2; 23 2; 24 2; 25 2; 26 2; 27 2; 28 2; 29 2; 30 2; 31 2; 32 2; 33 2; ### 1 ### 1 
0 ### ### 1 ### 0 
