0.087900 0.104809 0.033082 -0.160223 0.109342 -0.151601 -0.135701 0.092581 0.011236 -0.090374 -0.176051 -0.085212 0.198172 0.127667 -0.086632 -0.177966 -0.198957 -0.184021 0.145289 0.065167 0.167423 0.113626 -0.037333 -0.093305 -0.154227 -0.145000 -0.131281 0.151992 -0.140526 0.092049 0.025498 -0.047261 0.083007 -0.161156 -0.162144 0.090819 0.026822 0.038002 0.022322 0.018535 
0.052531 0.141261 0.136713 -0.056632 0.131174 -0.151544 -0.170455 0.142662 0.140170 0.086390 -0.157998 0.087228 0.280727 0.197450 -0.089548 -0.148955 -0.204569 -0.250648 0.258725 0.129170 0.253853 0.217096 0.136904 0.092382 -0.035117 -0.016367 -0.006820 0.253833 -0.053721 -0.087949 0.135486 0.062625 0.158380 -0.152523 -0.140066 -0.059342 0.140616 0.127652 0.132803 0.141805 
-0.434847 -0.376460 0.466861 -0.311175 -0.396977 -0.344115 -0.340581 -0.379147 0.424995 -0.198239 -0.330977 -0.188503 -0.266632 -0.263452 -0.281303 -0.317600 -0.283120 -0.309057 -0.264113 -0.384356 -0.263388 -0.250711 -0.171343 -0.184141 -0.232827 -0.218787 -0.243521 -0.273779 -0.272741 -0.452983 0.432097 -0.190840 -0.399688 -0.331502 -0.333313 -0.424773 0.446892 0.438036 0.454333 0.455860 
-0.028729 -0.147102 0.121187 -0.060441 -0.137888 -0.104646 -0.103338 -0.146181 0.130714 -0.066314 -0.126115 -0.098858 -0.174017 -0.177767 -0.077717 -0.105423 -0.076952 -0.098987 -0.154576 -0.122869 -0.172849 -0.160526 -0.098541 -0.096506 -0.074914 -0.078994 -0.080642 -0.169306 -0.082417 -0.069875 0.127480 -0.111088 -0.123153 -0.112175 -0.109725 -0.089007 0.125119 0.117172 0.116705 0.121598 
0.177374 0.125571 -0.054181 -0.031447 0.105062 -0.047713 -0.104528 0.127062 -0.053124 -0.091965 -0.116269 -0.103667 -0.107803 -0.076486 -0.062463 -0.108752 -0.130233 -0.094946 -0.117834 0.127007 -0.064312 -0.086898 -0.103377 -0.089798 -0.111312 -0.102917 -0.114544 -0.101064 -0.040713 0.022107 -0.051515 -0.111992 0.109371 -0.082254 -0.113808 0.038976 -0.045265 -0.052233 -0.057487 -0.049743 
0.184662 0.121008 0.063198 -0.159830 0.093910 -0.163282 -0.189239 0.129987 0.066662 -0.276305 -0.161953 -0.271661 -0.182141 -0.181895 -0.171988 -0.227603 -0.153721 -0.158515 -0.191891 0.151207 -0.164062 -0.194047 -0.274579 -0.283035 -0.235191 -0.220398 -0.198900 -0.159256 -0.144967 0.031936 0.063389 -0.281666 0.079534 -0.179156 -0.162764 0.016514 0.061107 0.050621 0.070220 0.068399 
-0.161289 -0.167588 -0.048286 -0.070030 -0.177495 -0.039457 -0.049780 -0.142994 -0.046055 0.022215 -0.050987 0.041012 -0.024460 0.014850 -0.081995 -0.057170 -0.034908 -0.016638 0.016837 -0.157285 -0.008370 -0.000430 0.043178 0.025780 -0.031214 -0.035711 -0.019632 0.000339 -0.050735 -0.164725 -0.037467 0.011996 -0.164154 -0.068134 -0.064695 -0.180182 -0.034788 -0.048209 -0.044336 -0.047565 
-0.081339 -0.053826 -0.065060 -0.052192 -0.067564 -0.020535 -0.024551 -0.076673 -0.082153 -0.003118 -0.013827 -0.003735 0.008170 0.020079 -0.020302 -0.083955 -0.026052 -0.001815 -0.010994 -0.071351 -0.002276 0.013800 0.027109 0.018701 0.006761 -0.002717 -0.000135 0.001751 -0.043509 -0.109361 -0.090869 0.007160 -0.038488 -0.013032 -0.020732 -0.092101 -0.098735 -0.087115 -0.065799 -0.069206 
0.175294 0.140394 -0.143909 0.166472 -0.221043 -0.141288 0.190947 -0.200660 0.178937 0.161504 0.159355 -0.217905 0.162624 0.147629 -0.196516 0.158446 0.181600 0.174703 0.153537 0.153217 
0.167676 0.152122 -0.202237 0.156369 -0.321526 -0.201371 0.154295 -0.320718 0.154554 0.167167 0.149035 -0.304258 0.169008 0.141420 -0.318703 0.139540 0.131821 0.147622 0.162619 0.158140 
-0.311063 -0.293521 0.181308 -0.330788 0.181134 0.177539 -0.339906 0.175692 -0.312769 -0.330097 -0.330472 0.162923 -0.297105 -0.344459 0.151090 -0.326636 -0.321964 -0.302289 -0.350133 -0.309422 
0.174650 0.174351 -0.085151 0.175287 -0.093583 -0.102455 0.178687 -0.097856 0.186007 0.166188 0.172204 -0.110585 0.161101 0.165395 -0.119347 0.163205 0.189276 0.159374 0.157626 0.176445 
0.162274 0.174298 -0.200226 0.153164 -0.326510 -0.233405 0.175844 -0.306078 0.168791 0.144761 0.166405 -0.325961 0.160980 0.164290 -0.319260 0.160511 0.164815 0.171205 0.146176 0.155147 
0.184638 0.200208 -0.105832 0.197666 -0.096091 -0.094345 0.202161 -0.104022 0.218402 0.198080 0.182107 -0.105742 0.189314 0.182981 -0.100408 0.202015 0.179283 0.184598 0.190879 0.202687 
0.190463 0.187320 -0.048078 0.182443 -0.059197 -0.057411 0.192055 -0.074732 0.191733 0.189166 0.195214 -0.066127 0.197869 0.182438 -0.055074 0.189639 0.198432 0.176676 0.205749 0.197169 
0.169431 0.172100 -0.216100 0.153712 -0.318859 -0.219072 0.138925 -0.347733 0.169281 0.154074 0.163349 -0.339150 0.154337 0.149495 -0.343892 0.146759 0.157663 0.158184 0.151548 0.164277 
-0.275871 -0.268226 0.169175 -0.309208 0.161191 0.154438 -0.310309 0.147609 -0.279680 -0.306806 -0.331393 0.151046 -0.290923 -0.297623 0.160463 -0.319969 -0.303285 -0.264806 -0.324250 -0.308074 
0.149946 0.163333 -0.109334 0.172190 -0.140109 -0.103763 0.171604 -0.118538 0.151417 0.146547 0.152747 -0.134776 0.137805 0.151407 -0.110309 0.171281 0.164598 0.137664 0.151473 0.158228 
0.183494 0.199356 -0.068626 0.192372 -0.039921 -0.033781 0.192530 -0.036245 0.209422 0.188589 0.200532 -0.020592 0.173353 0.211631 -0.028027 0.182400 0.191798 0.187935 0.202576 0.199722 
0.157493 0.139171 -0.069477 0.166818 -0.108479 -0.072259 0.158670 -0.115886 0.166743 0.141439 0.157469 -0.115507 0.153741 0.166522 -0.107732 0.138307 0.156562 0.151609 0.153846 0.143959 
0.189874 0.201738 -0.188908 0.207959 -0.215947 -0.166270 0.207430 -0.225190 0.210011 0.200515 0.209725 -0.213781 0.202005 0.208324 -0.219371 0.200117 0.185651 0.173910 0.199397 0.217313 
0.155648 0.158785 -0.164389 0.186650 -0.189676 -0.152441 0.151641 -0.163313 0.162134 0.175332 0.181517 -0.167243 0.155014 0.159862 -0.156411 0.181291 0.152412 0.162120 0.178126 0.176280 
0.139555 0.158732 -0.090316 0.138048 -0.117154 -0.078936 0.145474 -0.116394 0.157781 0.169027 0.144539 -0.094499 0.140352 0.150590 -0.099640 0.142616 0.158864 0.153099 0.160689 0.168489 
0.214704 0.233977 0.006706 0.232382 0.010258 0.008413 0.227747 -0.030706 0.245793 0.230734 0.232812 -0.024700 0.209707 0.206591 -0.022658 0.209697 0.214572 0.212622 0.217330 0.231751 
0.188707 0.211834 0.049521 0.199360 0.026328 0.040969 0.206203 0.039262 0.224191 0.201759 0.207174 0.036593 0.186028 0.195052 0.032418 0.189124 0.201777 0.173761 0.184992 0.197928 
0.179067 0.199485 -0.024541 0.198149 -0.018240 -0.041337 0.212142 -0.008832 0.215111 0.196247 0.212132 -0.024365 0.187228 0.203199 -0.003797 0.199073 0.209446 0.193830 0.194600 0.212252 
0.192270 0.196788 -0.167986 0.217031 -0.193366 -0.155279 0.188927 -0.195311 0.193103 0.201483 0.188115 -0.207241 0.175055 0.189167 -0.192023 0.201778 0.183777 0.189801 0.194928 0.211930 
0.154861 0.165280 -0.256122 0.172973 -0.344710 -0.220518 0.161450 -0.343209 0.176485 0.176487 0.150136 -0.352640 0.159313 0.168898 -0.319715 0.157136 0.162912 0.150234 0.166831 0.170125 
0.194459 0.193614 -0.172316 0.207954 -0.206537 -0.188959 0.182706 -0.194435 0.206563 0.196768 0.200051 -0.218363 0.173442 0.209391 -0.203013 0.194407 0.196215 0.193826 0.188654 0.189867 
0.180200 0.173387 -0.149248 0.165684 -0.191791 -0.152345 0.162365 -0.171839 0.179241 0.178152 0.157301 -0.174372 0.164171 0.188930 -0.179949 0.166530 0.162470 0.169484 0.158398 0.165077 
0.149656 0.131493 -0.091196 0.135194 -0.083996 -0.100031 0.147973 -0.082546 0.137322 0.131600 0.143793 -0.075582 0.148677 0.136417 -0.106322 0.158582 0.150107 0.138825 0.138036 0.141912 
0.152099 0.159156 -0.091895 0.176607 -0.119358 -0.112975 0.149921 -0.104177 0.175809 0.154904 0.145372 -0.108183 0.153053 0.163667 -0.110867 0.158611 0.162923 0.139909 0.150056 0.170012 
0.151768 0.173922 -0.028539 0.149510 -0.028707 -0.016692 0.175643 -0.042818 0.165284 0.150950 0.176599 -0.033654 0.162545 0.173426 -0.038770 0.148404 0.173284 0.166680 0.171572 0.172454 
0.158915 0.149836 -0.043068 0.179895 -0.053211 -0.024875 0.160373 -0.066404 0.186222 0.168237 0.149879 -0.066738 0.158180 0.178340 -0.067549 0.160316 0.172156 0.145764 0.145443 0.156872 
0.145297 0.167409 -0.086003 0.141433 -0.066884 -0.060706 0.142971 -0.070723 0.155903 0.136865 0.148557 -0.058488 0.134168 0.162588 -0.067733 0.158742 0.154576 0.160978 0.131171 0.157212 
0.188750 0.171833 -0.152476 0.181334 -0.179523 -0.176397 0.186445 -0.178446 0.184035 0.184085 0.171708 -0.181901 0.178542 0.178212 -0.177730 0.184213 0.190422 0.162952 0.199931 0.179151 
0.150955 0.160638 -0.113977 0.161516 -0.117715 -0.091468 0.151622 -0.092240 0.175802 0.150293 0.163503 -0.105348 0.149398 0.159622 -0.106116 0.150100 0.165206 0.141821 0.173001 0.144848 
0.193297 0.206403 -0.159399 0.174247 -0.240917 -0.164735 0.190091 -0.214189 0.196754 0.183854 0.165778 -0.211574 0.198229 0.170304 -0.232919 0.166907 0.170409 0.182217 0.167076 0.202152 
-0.293649 -0.282483 0.160700 -0.345354 0.156516 0.179271 -0.321734 0.142696 -0.314577 -0.308720 -0.341713 0.166431 -0.294315 -0.316019 0.176720 -0.327133 -0.315545 -0.289569 -0.337605 -0.289620 
0.160522 0.136708 -0.078251 0.163896 -0.110921 -0.104785 0.133376 -0.108111 0.153503 0.135425 0.139701 -0.105969 0.157592 0.154793 -0.109541 0.139602 0.149044 0.146151 0.136759 0.154643 
0.178074 0.156208 -0.229156 0.156090 -0.359625 -0.221300 0.162884 -0.343682 0.176212 0.166314 0.160325 -0.339657 0.168387 0.157572 -0.345727 0.156397 0.153006 0.161268 0.161521 0.171035 
0.204018 0.209236 -0.058737 0.207962 -0.076060 -0.077413 0.214423 -0.062788 0.221428 0.184282 0.198902 -0.057359 0.188793 0.214289 -0.053121 0.196916 0.187779 0.186481 0.208795 0.182768 
0.200373 0.184233 -0.024142 0.195499 -0.048880 -0.036872 0.195024 -0.053086 0.204997 0.173879 0.181060 -0.049699 0.189023 0.185088 -0.059763 0.199675 0.187579 0.192376 0.190899 0.182891 
0.157684 0.164450 -0.163784 0.172058 -0.228460 -0.166148 0.160109 -0.215328 0.175328 0.153145 0.163678 -0.215724 0.161435 0.152897 -0.230720 0.170479 0.160528 0.173674 0.153096 0.186857 
-0.307110 -0.318541 0.160978 -0.343992 0.157869 0.160226 -0.327785 0.139002 -0.314413 -0.327740 -0.344249 0.158663 -0.305774 -0.335970 0.143780 -0.327351 -0.314494 -0.315347 -0.348302 -0.327691 
-0.287975 -0.277620 0.178422 -0.306191 0.177021 0.181000 -0.296310 0.182483 -0.275431 -0.281691 -0.293518 0.160325 -0.254705 -0.315897 0.181917 -0.305938 -0.283980 -0.286336 -0.305215 -0.300415 
-0.276365 -0.254653 0.165777 -0.294492 0.169337 0.172353 -0.282750 0.158054 -0.286054 -0.268365 -0.298536 0.162543 -0.270931 -0.319514 0.156035 -0.287424 -0.299181 -0.266358 -0.283434 -0.276875 
-0.320317 -0.283791 0.146982 -0.350912 0.143339 0.172466 -0.317282 0.165604 -0.319476 -0.318742 -0.345089 0.151627 -0.307462 -0.320534 0.145349 -0.318065 -0.310875 -0.284043 -0.312198 -0.310719 
-0.215824 
-0.208173 
0.241366 
-0.203597 
0.235397 
0.245440 
-0.209198 
0.242369 
-0.198314 
-0.220458 
-0.211911 
0.233401 
-0.232367 
-0.208299 
0.233008 
-0.217654 
-0.216212 
-0.234157 
-0.221137 
-0.209373 


0.000000 
0.000000 
0.000000 
0.000000 
0.000000 
0.000000 
0.000000 
0.000000 
0.081863 
0.101984 
-0.004153 
0.120185 
0.092953 
0.136788 
0.152068 
0.101440 
-0.018635 
0.116930 
0.156619 
0.121683 
0.094206 
0.108054 
0.143197 
0.164664 
0.158714 
0.129769 
0.072910 
0.087823 
0.097768 
0.108937 
0.124272 
0.125700 
0.134483 
0.126509 
0.140797 
0.087428 
0.127548 
0.069996 
-0.015983 
0.131584 
0.093078 
0.147348 
0.154517 
0.085678 
-0.015561 
-0.013808 
-0.010944 
-0.011325 
0.113027 
0.118178 
0.247853 
0.116327 
0.286918 
0.245076 
0.115007 
0.288393 
0.122869 
0.109935 
0.109160 
0.284444 
0.106764 
0.111775 
0.284576 
0.107822 
0.110865 
0.106200 
0.105862 
0.115057 
-0.052278 

-0.000516 -0.000516 0.000005 0.000006 0.000000 -0.000624 -0.000624 0.000007 0.000008 0.000000 0.000382 0.000382 0.000033 0.000038 0.000000 0.000033 0.000033 0.000008 0.000010 0.000000 -0.000545 -0.000545 0.000008 0.000009 0.000000 0.000150 0.000150 0.000011 0.000012 0.000000 -0.000094 -0.000094 0.000010 0.000011 0.000000 -0.000835 -0.000835 0.000008 0.000009 0.000000 0.000554 0.000554 0.000029 0.000033 0.000000 -0.000022 -0.000022 0.000005 0.000006 0.000000 0.000137 0.000137 0.000009 0.000011 0.000000 -0.000130 -0.000130 0.000005 0.000006 0.000000 -0.000255 -0.000255 0.000003 0.000004 0.000000 -0.000097 -0.000097 0.000003 0.000003 0.000000 0.000092 0.000092 0.000007 0.000008 0.000000 -0.000050 -0.000050 0.000011 0.000013 0.000000 0.000237 0.000237 0.000008 0.000010 0.000000 0.000151 0.000151 0.000010 0.000011 0.000000 -0.000197 -0.000197 0.000003 0.000004 0.000000 -0.000586 -0.000586 0.000009 0.000010 0.000000 -0.000317 -0.000317 0.000003 0.000004 0.000000 -0.000073 -0.000073 0.000003 0.000003 0.000000 0.000025 0.000025 0.000003 0.000004 0.000000 -0.000125 -0.000125 0.000005 0.000006 0.000000 0.000019 0.000019 0.000007 0.000008 0.000000 0.000024 0.000024 0.000007 0.000008 0.000000 -0.000013 -0.000013 0.000006 0.000007 0.000000 -0.000193 -0.000193 0.000003 0.000003 0.000000 0.000204 0.000204 0.000008 0.000009 0.000000 -0.000391 -0.000391 0.000007 0.000008 0.000000 0.000590 0.000590 0.000031 0.000036 0.000000 -0.000065 -0.000065 0.000005 0.000006 0.000000 -0.000734 -0.000734 0.000008 0.000010 0.000000 0.000084 0.000084 0.000010 0.000012 0.000000 0.000101 0.000101 0.000009 0.000010 0.000000 -0.000486 -0.000486 0.000007 0.000008 0.000000 0.000653 0.000653 0.000032 0.000036 0.000000 0.000255 0.000255 0.000029 0.000034 0.000000 0.000575 0.000575 0.000028 0.000031 0.000000 0.000681 0.000681 0.000031 0.000035 0.000000 
-0.000365 -0.000365 0.000015 0.000017 0.000000 -0.000454 -0.000454 0.000015 0.000018 0.000000 0.001506 0.001506 0.000058 0.000066 0.000000 0.000209 0.000209 0.000011 0.000012 0.000000 -0.000464 -0.000464 0.000017 0.000019 0.000000 0.000405 0.000405 0.000011 0.000012 0.000000 0.000175 0.000175 0.000010 0.000012 0.000000 -0.000273 -0.000273 0.000016 0.000019 0.000000 0.001326 0.001326 0.000050 0.000057 0.000000 0.000464 0.000464 0.000007 0.000008 0.000000 0.000330 0.000330 0.000010 0.000011 0.000000 0.000292 0.000292 0.000007 0.000008 0.000000 0.000154 0.000154 0.000013 0.000015 0.000000 0.000343 0.000343 0.000009 0.000010 0.000000 0.000561 0.000561 0.000009 0.000010 0.000000 0.000114 0.000114 0.000012 0.000014 0.000000 0.000443 0.000443 0.000009 0.000011 0.000000 0.000463 0.000463 0.000011 0.000012 0.000000 0.000195 0.000195 0.000012 0.000013 0.000000 -0.000145 -0.000145 0.000017 0.000020 0.000000 0.000185 0.000185 0.000013 0.000014 0.000000 0.000315 0.000315 0.000009 0.000011 0.000000 0.000367 0.000367 0.000006 0.000007 0.000000 0.000306 0.000306 0.000007 0.000008 0.000000 0.000596 0.000596 0.000008 0.000010 0.000000 0.000586 0.000586 0.000009 0.000011 0.000000 0.000583 0.000583 0.000009 0.000010 0.000000 0.000174 0.000174 0.000010 0.000012 0.000000 0.000733 0.000733 0.000010 0.000012 0.000000 -0.000524 -0.000524 0.000018 0.000020 0.000000 0.001389 0.001389 0.000054 0.000062 0.000000 0.000390 0.000390 0.000007 0.000008 0.000000 -0.000564 -0.000564 0.000017 0.000019 0.000000 0.000343 0.000343 0.000011 0.000012 0.000000 0.000295 0.000295 0.000010 0.000011 0.000000 -0.000078 -0.000078 0.000017 0.000019 0.000000 0.001481 0.001481 0.000057 0.000065 0.000000 0.001378 0.001378 0.000048 0.000055 0.000000 0.001198 0.001198 0.000046 0.000052 0.000000 0.001367 0.001367 0.000055 0.000062 0.000000 
0.000088 0.000088 0.000002 0.000003 0.000000 0.000170 0.000170 0.000003 0.000004 0.000000 -0.000222 -0.000222 0.000015 0.000017 0.000000 -0.000013 -0.000013 0.000002 0.000002 0.000000 0.000108 0.000108 0.000004 0.000004 0.000000 -0.000045 -0.000045 0.000003 0.000003 0.000000 -0.000021 -0.000021 0.000002 0.000003 0.000000 0.000262 0.000262 0.000004 0.000004 0.000000 -0.000196 -0.000196 0.000013 0.000015 0.000000 -0.000160 -0.000160 0.000001 0.000002 0.000000 -0.000083 -0.000083 0.000002 0.000003 0.000000 -0.000099 -0.000099 0.000001 0.000002 0.000000 -0.000157 -0.000157 0.000001 0.000001 0.000000 -0.000150 -0.000150 0.000001 0.000001 0.000000 -0.000127 -0.000127 0.000002 0.000002 0.000000 -0.000105 -0.000105 0.000003 0.000003 0.000000 -0.000171 -0.000171 0.000002 0.000002 0.000000 -0.000108 -0.000108 0.000002 0.000003 0.000000 -0.000168 -0.000168 0.000001 0.000001 0.000000 0.000057 0.000057 0.000004 0.000005 0.000000 -0.000152 -0.000152 0.000001 0.000001 0.000000 -0.000159 -0.000159 0.000001 0.000001 0.000000 -0.000164 -0.000164 0.000001 0.000001 0.000000 -0.000107 -0.000107 0.000001 0.000002 0.000000 -0.000145 -0.000145 0.000002 0.000002 0.000000 -0.000152 -0.000152 0.000002 0.000002 0.000000 -0.000111 -0.000111 0.000002 0.000002 0.000000 -0.000136 -0.000136 0.000001 0.000001 0.000000 -0.000090 -0.000090 0.000002 0.000002 0.000000 0.000027 0.000027 0.000003 0.000003 0.000000 -0.000205 -0.000205 0.000014 0.000016 0.000000 -0.000134 -0.000134 0.000001 0.000001 0.000000 0.000160 0.000160 0.000004 0.000004 0.000000 -0.000051 -0.000051 0.000003 0.000003 0.000000 -0.000065 -0.000065 0.000002 0.000003 0.000000 0.000081 0.000081 0.000003 0.000003 0.000000 -0.000253 -0.000253 0.000014 0.000015 0.000000 -0.000095 -0.000095 0.000013 0.000015 0.000000 -0.000209 -0.000209 0.000012 0.000014 0.000000 -0.000290 -0.000290 0.000013 0.000015 0.000000 
-0.000318 -0.000318 0.000001 0.000001 0.000000 -0.000243 -0.000243 0.000001 0.000001 0.000000 0.000610 0.000610 0.000006 0.000006 0.000000 -0.000252 -0.000252 0.000001 0.000001 0.000000 -0.000280 -0.000280 0.000001 0.000001 0.000000 -0.000281 -0.000281 0.000001 0.000001 0.000000 -0.000267 -0.000267 0.000001 0.000001 0.000000 -0.000269 -0.000269 0.000001 0.000001 0.000000 0.000483 0.000483 0.000005 0.000006 0.000000 -0.000196 -0.000196 0.000001 0.000001 0.000000 -0.000307 -0.000307 0.000001 0.000001 0.000000 -0.000155 -0.000155 0.000001 0.000001 0.000000 -0.000262 -0.000262 0.000001 0.000001 0.000000 -0.000201 -0.000201 0.000001 0.000001 0.000000 -0.000248 -0.000248 0.000001 0.000001 0.000000 -0.000312 -0.000312 0.000001 0.000001 0.000000 -0.000360 -0.000360 0.000001 0.000001 0.000000 -0.000351 -0.000351 0.000001 0.000001 0.000000 -0.000264 -0.000264 0.000001 0.000001 0.000000 -0.000386 -0.000386 0.000001 0.000001 0.000000 -0.000267 -0.000267 0.000001 0.000001 0.000000 -0.000196 -0.000196 0.000001 0.000001 0.000000 -0.000231 -0.000231 0.000001 0.000001 0.000000 -0.000165 -0.000165 0.000001 0.000001 0.000000 -0.000200 -0.000200 0.000001 0.000001 0.000000 -0.000199 -0.000199 0.000001 0.000001 0.000000 -0.000178 -0.000178 0.000001 0.000001 0.000000 -0.000230 -0.000230 0.000001 0.000001 0.000000 -0.000261 -0.000261 0.000001 0.000001 0.000000 -0.000386 -0.000386 0.000001 0.000001 0.000000 0.000499 0.000499 0.000005 0.000006 0.000000 -0.000158 -0.000158 0.000001 0.000001 0.000000 -0.000251 -0.000251 0.000001 0.000001 0.000000 -0.000317 -0.000317 0.000001 0.000001 0.000000 -0.000290 -0.000290 0.000001 0.000001 0.000000 -0.000380 -0.000380 0.000001 0.000001 0.000000 0.000480 0.000480 0.000005 0.000006 0.000000 0.000615 0.000615 0.000005 0.000006 0.000000 0.000470 0.000470 0.000005 0.000005 0.000000 0.000465 0.000465 0.000005 0.000006 0.000000 
0.001716 0.001716 0.000034 0.000038 0.000000 0.001927 0.001927 0.000038 0.000044 0.000000 -0.003456 -0.003456 0.000101 0.000115 0.000000 0.000191 0.000191 0.000002 0.000002 0.000000 0.001907 0.001907 0.000042 0.000048 0.000000 0.000222 0.000222 0.000003 0.000003 0.000000 0.000386 0.000386 0.000003 0.000003 0.000000 0.001978 0.001978 0.000041 0.000047 0.000000 -0.003318 -0.003318 0.000090 0.000102 0.000000 0.000115 0.000115 0.000002 0.000002 0.000000 0.000286 0.000286 0.000003 0.000003 0.000000 0.000083 0.000083 0.000002 0.000002 0.000000 0.000346 0.000346 0.000005 0.000006 0.000000 0.000399 0.000399 0.000003 0.000004 0.000000 0.000206 0.000206 0.000002 0.000002 0.000000 0.000450 0.000450 0.000003 0.000004 0.000000 0.000255 0.000255 0.000003 0.000003 0.000000 0.000262 0.000262 0.000003 0.000003 0.000000 0.000385 0.000385 0.000004 0.000005 0.000000 0.001870 0.001870 0.000044 0.000050 0.000000 0.000292 0.000292 0.000005 0.000005 0.000000 0.000402 0.000402 0.000003 0.000004 0.000000 0.000059 0.000059 0.000001 0.000002 0.000000 0.000084 0.000084 0.000002 0.000002 0.000000 0.000102 0.000102 0.000002 0.000002 0.000000 0.000112 0.000112 0.000002 0.000002 0.000000 0.000103 0.000103 0.000002 0.000002 0.000000 0.000331 0.000331 0.000004 0.000004 0.000000 0.000046 0.000046 0.000002 0.000002 0.000000 0.001035 0.001035 0.000035 0.000040 0.000000 -0.003474 -0.003474 0.000096 0.000110 0.000000 0.000112 0.000112 0.000002 0.000002 0.000000 0.001991 0.001991 0.000043 0.000049 0.000000 0.000312 0.000312 0.000003 0.000003 0.000000 0.000285 0.000285 0.000002 0.000003 0.000000 0.001453 0.001453 0.000034 0.000039 0.000000 -0.003582 -0.003582 0.000101 0.000115 0.000000 -0.003187 -0.003187 0.000085 0.000097 0.000000 -0.003179 -0.003179 0.000080 0.000092 0.000000 -0.003471 -0.003471 0.000097 0.000110 0.000000 
0.001242 0.001242 0.000032 0.000037 0.000000 0.001439 0.001439 0.000035 0.000040 0.000000 -0.003235 -0.003235 0.000097 0.000111 0.000000 0.000707 0.000707 0.000005 0.000006 0.000000 0.001424 0.001424 0.000038 0.000043 0.000000 0.000841 0.000841 0.000008 0.000009 0.000000 0.001341 0.001341 0.000007 0.000008 0.000000 0.001506 0.001506 0.000038 0.000043 0.000000 -0.002938 -0.002938 0.000086 0.000098 0.000000 0.000339 0.000339 0.000003 0.000003 0.000000 0.001013 0.001013 0.000007 0.000009 0.000000 0.000314 0.000314 0.000003 0.000003 0.000000 0.000033 0.000033 0.000007 0.000008 0.000000 0.000233 0.000233 0.000004 0.000005 0.000000 0.000643 0.000643 0.000005 0.000006 0.000000 0.001481 0.001481 0.000008 0.000009 0.000000 0.001009 0.001009 0.000008 0.000009 0.000000 0.001127 0.001127 0.000008 0.000009 0.000000 0.000176 0.000176 0.000006 0.000006 0.000000 0.001138 0.001138 0.000040 0.000046 0.000000 0.000105 0.000105 0.000007 0.000008 0.000000 0.000208 0.000208 0.000004 0.000005 0.000000 0.000406 0.000406 0.000002 0.000003 0.000000 0.000333 0.000333 0.000003 0.000003 0.000000 0.000338 0.000338 0.000004 0.000004 0.000000 0.000330 0.000330 0.000003 0.000004 0.000000 0.000268 0.000268 0.000003 0.000004 0.000000 0.000082 0.000082 0.000006 0.000007 0.000000 0.000221 0.000221 0.000005 0.000005 0.000000 0.001219 0.001219 0.000038 0.000043 0.000000 -0.003085 -0.003085 0.000092 0.000105 0.000000 0.000276 0.000276 0.000003 0.000003 0.000000 0.001632 0.001632 0.000039 0.000044 0.000000 0.001165 0.001165 0.000008 0.000009 0.000000 0.000992 0.000992 0.000007 0.000008 0.000000 0.001349 0.001349 0.000035 0.000040 0.000000 -0.003217 -0.003217 0.000097 0.000111 0.000000 -0.002960 -0.002960 0.000081 0.000092 0.000000 -0.002790 -0.002790 0.000077 0.000088 0.000000 -0.003094 -0.003094 0.000093 0.000106 0.000000 
-0.001586 -0.001586 0.000017 0.000019 0.000000 -0.001679 -0.001679 0.000019 0.000021 0.000000 0.002959 0.002959 0.000053 0.000061 0.000000 -0.001152 -0.001152 0.000010 0.000011 0.000000 -0.001684 -0.001684 0.000020 0.000023 0.000000 -0.001614 -0.001614 0.000013 0.000015 0.000000 -0.001879 -0.001879 0.000013 0.000014 0.000000 -0.001767 -0.001767 0.000020 0.000023 0.000000 0.002682 0.002682 0.000047 0.000054 0.000000 -0.000772 -0.000772 0.000007 0.000008 0.000000 -0.001712 -0.001712 0.000013 0.000014 0.000000 -0.000809 -0.000809 0.000007 0.000008 0.000000 -0.000639 -0.000639 0.000010 0.000012 0.000000 -0.000822 -0.000822 0.000008 0.000009 0.000000 -0.001173 -0.001173 0.000009 0.000010 0.000000 -0.001990 -0.001990 0.000015 0.000017 0.000000 -0.001693 -0.001693 0.000013 0.000014 0.000000 -0.001879 -0.001879 0.000013 0.000015 0.000000 -0.000808 -0.000808 0.000009 0.000011 0.000000 -0.001593 -0.001593 0.000021 0.000024 0.000000 -0.000737 -0.000737 0.000010 0.000012 0.000000 -0.000784 -0.000784 0.000008 0.000009 0.000000 -0.000907 -0.000907 0.000006 0.000006 0.000000 -0.000843 -0.000843 0.000007 0.000008 0.000000 -0.000852 -0.000852 0.000008 0.000010 0.000000 -0.000877 -0.000877 0.000008 0.000009 0.000000 -0.000700 -0.000700 0.000008 0.000009 0.000000 -0.000659 -0.000659 0.000009 0.000010 0.000000 -0.000892 -0.000892 0.000009 0.000011 0.000000 -0.001518 -0.001518 0.000020 0.000023 0.000000 0.002805 0.002805 0.000050 0.000057 0.000000 -0.000685 -0.000685 0.000007 0.000007 0.000000 -0.001844 -0.001844 0.000021 0.000024 0.000000 -0.001864 -0.001864 0.000013 0.000015 0.000000 -0.001670 -0.001670 0.000012 0.000014 0.000000 -0.001562 -0.001562 0.000019 0.000022 0.000000 0.002920 0.002920 0.000053 0.000060 0.000000 0.002868 0.002868 0.000044 0.000051 0.000000 0.002382 0.002382 0.000042 0.000048 0.000000 0.002652 0.002652 0.000051 0.000058 0.000000 
-0.001193 -0.001193 0.000009 0.000010 0.000000 -0.001222 -0.001222 0.000010 0.000011 0.000000 0.001823 0.001823 0.000030 0.000034 0.000000 -0.001265 -0.001265 0.000010 0.000012 0.000000 -0.001228 -0.001228 0.000010 0.000012 0.000000 -0.001886 -0.001886 0.000014 0.000016 0.000000 -0.002036 -0.002036 0.000014 0.000016 0.000000 -0.001311 -0.001311 0.000010 0.000012 0.000000 0.001729 0.001729 0.000026 0.000030 0.000000 -0.000975 -0.000975 0.000009 0.000010 0.000000 -0.001919 -0.001919 0.000014 0.000016 0.000000 -0.001035 -0.001035 0.000009 0.000010 0.000000 -0.000967 -0.000967 0.000011 0.000013 0.000000 -0.001096 -0.001096 0.000009 0.000010 0.000000 -0.001363 -0.001363 0.000010 0.000011 0.000000 -0.002097 -0.002097 0.000015 0.000017 0.000000 -0.001894 -0.001894 0.000014 0.000015 0.000000 -0.002083 -0.002083 0.000014 0.000016 0.000000 -0.001101 -0.001101 0.000011 0.000012 0.000000 -0.001195 -0.001195 0.000011 0.000012 0.000000 -0.001044 -0.001044 0.000011 0.000013 0.000000 -0.001063 -0.001063 0.000009 0.000011 0.000000 -0.001101 -0.001101 0.000007 0.000008 0.000000 -0.001070 -0.001070 0.000009 0.000010 0.000000 -0.001132 -0.001132 0.000010 0.000012 0.000000 -0.001201 -0.001201 0.000010 0.000012 0.000000 -0.000938 -0.000938 0.000009 0.000011 0.000000 -0.000950 -0.000950 0.000010 0.000011 0.000000 -0.001133 -0.001133 0.000011 0.000012 0.000000 -0.001268 -0.001268 0.000011 0.000013 0.000000 0.001802 0.001802 0.000028 0.000032 0.000000 -0.000888 -0.000888 0.000008 0.000009 0.000000 -0.001343 -0.001343 0.000011 0.000012 0.000000 -0.002068 -0.002068 0.000015 0.000017 0.000000 -0.001872 -0.001872 0.000013 0.000015 0.000000 -0.001221 -0.001221 0.000010 0.000012 0.000000 0.001881 0.001881 0.000029 0.000033 0.000000 0.001976 0.001976 0.000025 0.000028 0.000000 0.001313 0.001313 0.000024 0.000027 0.000000 0.001496 0.001496 0.000028 0.000032 0.000000 
0.000405 0.000405 0.000002 0.000002 0.000000 0.000378 0.000378 0.000001 0.000002 0.000000 -0.000016 -0.000016 0.000001 0.000001 0.000000 0.000350 0.000350 0.000001 0.000001 0.000000 -0.000111 -0.000111 0.000000 0.000000 0.000000 -0.000017 -0.000017 0.000001 0.000001 0.000000 0.000380 0.000380 0.000001 0.000002 0.000000 -0.000091 -0.000091 0.000000 0.000000 0.000000 0.000360 0.000360 0.000001 0.000001 0.000000 0.000370 0.000370 0.000002 0.000002 0.000000 0.000364 0.000364 0.000001 0.000001 0.000000 -0.000088 -0.000088 0.000000 0.000000 0.000000 0.000441 0.000441 0.000002 0.000002 0.000000 0.000332 0.000332 0.000001 0.000001 0.000000 -0.000110 -0.000110 0.000000 0.000000 0.000000 0.000296 0.000296 0.000001 0.000001 0.000000 0.000347 0.000347 0.000001 0.000002 0.000000 0.000444 0.000444 0.000002 0.000002 0.000000 0.000301 0.000301 0.000001 0.000002 0.000000 0.000396 0.000396 0.000001 0.000002 0.000000 
0.000328 0.000328 0.000001 0.000001 0.000000 0.000311 0.000311 0.000001 0.000001 0.000000 -0.000049 -0.000049 0.000000 0.000000 0.000000 0.000286 0.000286 0.000001 0.000001 0.000000 -0.000097 -0.000097 0.000000 0.000000 0.000000 -0.000052 -0.000052 0.000000 0.000000 0.000000 0.000304 0.000304 0.000001 0.000001 0.000000 -0.000081 -0.000081 0.000000 0.000000 0.000000 0.000295 0.000295 0.000001 0.000001 0.000000 0.000303 0.000303 0.000001 0.000001 0.000000 0.000297 0.000297 0.000001 0.000001 0.000000 -0.000079 -0.000079 0.000000 0.000000 0.000000 0.000357 0.000357 0.000001 0.000002 0.000000 0.000272 0.000272 0.000001 0.000001 0.000000 -0.000097 -0.000097 0.000000 0.000000 0.000000 0.000232 0.000232 0.000001 0.000001 0.000000 0.000281 0.000281 0.000001 0.000001 0.000000 0.000360 0.000360 0.000001 0.000002 0.000000 0.000235 0.000235 0.000001 0.000001 0.000000 0.000320 0.000320 0.000001 0.000001 0.000000 
0.000063 0.000063 0.000000 0.000000 0.000000 0.000058 0.000058 0.000000 0.000000 0.000000 0.000207 0.000207 0.000001 0.000002 0.000000 0.000065 0.000065 0.000000 0.000000 0.000000 0.000172 0.000172 0.000001 0.000001 0.000000 0.000209 0.000209 0.000002 0.000002 0.000000 0.000061 0.000061 0.000000 0.000000 0.000000 0.000198 0.000198 0.000001 0.000001 0.000000 0.000057 0.000057 0.000000 0.000000 0.000000 0.000045 0.000045 0.000000 0.000000 0.000000 0.000068 0.000068 0.000000 0.000000 0.000000 0.000190 0.000190 0.000001 0.000001 0.000000 0.000070 0.000070 0.000000 0.000000 0.000000 0.000060 0.000060 0.000000 0.000000 0.000000 0.000170 0.000170 0.000001 0.000001 0.000000 0.000040 0.000040 0.000000 0.000000 0.000000 0.000037 0.000037 0.000000 0.000000 0.000000 0.000070 0.000070 0.000000 0.000000 0.000000 0.000041 0.000041 0.000000 0.000000 0.000000 0.000068 0.000068 0.000000 0.000000 0.000000 
0.000051 0.000051 0.000000 0.000000 0.000000 0.000049 0.000049 0.000000 0.000000 0.000000 0.000009 0.000009 0.000000 0.000000 0.000000 0.000064 0.000064 0.000000 0.000000 0.000000 0.000001 0.000001 0.000000 0.000000 0.000000 0.000008 0.000008 0.000000 0.000000 0.000000 0.000051 0.000051 0.000000 0.000000 0.000000 -0.000001 -0.000001 0.000000 0.000000 0.000000 0.000048 0.000048 0.000000 0.000000 0.000000 0.000052 0.000052 0.000000 0.000000 0.000000 0.000066 0.000066 0.000000 0.000000 0.000000 0.000001 0.000001 0.000000 0.000000 0.000000 0.000055 0.000055 0.000000 0.000000 0.000000 0.000066 0.000066 0.000000 0.000000 0.000000 0.000001 0.000001 0.000000 0.000000 0.000000 0.000070 0.000070 0.000000 0.000000 0.000000 0.000051 0.000051 0.000000 0.000000 0.000000 0.000055 0.000055 0.000000 0.000000 0.000000 0.000071 0.000071 0.000000 0.000000 0.000000 0.000051 0.000051 0.000000 0.000000 0.000000 
0.000304 0.000304 0.000001 0.000001 0.000000 0.000289 0.000289 0.000001 0.000001 0.000000 -0.000044 -0.000044 0.000000 0.000000 0.000000 0.000265 0.000265 0.000001 0.000001 0.000000 -0.000084 -0.000084 0.000000 0.000000 0.000000 -0.000046 -0.000046 0.000000 0.000000 0.000000 0.000282 0.000282 0.000001 0.000001 0.000000 -0.000072 -0.000072 0.000000 0.000000 0.000000 0.000274 0.000274 0.000001 0.000001 0.000000 0.000281 0.000281 0.000001 0.000001 0.000000 0.000275 0.000275 0.000001 0.000001 0.000000 -0.000070 -0.000070 0.000000 0.000000 0.000000 0.000331 0.000331 0.000001 0.000001 0.000000 0.000254 0.000254 0.000001 0.000001 0.000000 -0.000083 -0.000083 0.000000 0.000000 0.000000 0.000218 0.000218 0.000001 0.000001 0.000000 0.000262 0.000262 0.000001 0.000001 0.000000 0.000333 0.000333 0.000001 0.000001 0.000000 0.000222 0.000222 0.000001 0.000001 0.000000 0.000297 0.000297 0.000001 0.000001 0.000000 
0.000014 0.000014 0.000000 0.000000 0.000000 0.000015 0.000015 0.000000 0.000000 0.000000 0.000028 0.000028 0.000000 0.000000 0.000000 0.000025 0.000025 0.000000 0.000000 0.000000 0.000023 0.000023 0.000000 0.000000 0.000000 0.000027 0.000027 0.000000 0.000000 0.000000 0.000019 0.000019 0.000000 0.000000 0.000000 0.000020 0.000020 0.000000 0.000000 0.000000 0.000016 0.000016 0.000000 0.000000 0.000000 0.000015 0.000015 0.000000 0.000000 0.000000 0.000026 0.000026 0.000000 0.000000 0.000000 0.000023 0.000023 0.000000 0.000000 0.000000 0.000015 0.000015 0.000000 0.000000 0.000000 0.000027 0.000027 0.000000 0.000000 0.000000 0.000024 0.000024 0.000000 0.000000 0.000000 0.000031 0.000031 0.000000 0.000000 0.000000 0.000016 0.000016 0.000000 0.000000 0.000000 0.000015 0.000015 0.000000 0.000000 0.000000 0.000031 0.000031 0.000000 0.000000 0.000000 0.000018 0.000018 0.000000 0.000000 0.000000 
0.000009 0.000009 0.000000 0.000000 0.000000 0.000011 0.000011 0.000000 0.000000 0.000000 0.000026 0.000026 0.000000 0.000000 0.000000 0.000021 0.000021 0.000000 0.000000 0.000000 0.000024 0.000024 0.000000 0.000000 0.000000 0.000025 0.000025 0.000000 0.000000 0.000000 0.000014 0.000014 0.000000 0.000000 0.000000 0.000020 0.000020 0.000000 0.000000 0.000000 0.000013 0.000013 0.000000 0.000000 0.000000 0.000009 0.000009 0.000000 0.000000 0.000000 0.000022 0.000022 0.000000 0.000000 0.000000 0.000023 0.000023 0.000000 0.000000 0.000000 0.000009 0.000009 0.000000 0.000001 0.000000 0.000023 0.000023 0.000000 0.000000 0.000000 0.000024 0.000024 0.000000 0.000000 0.000000 0.000028 0.000028 0.000000 0.000000 0.000000 0.000011 0.000011 0.000000 0.000000 0.000000 0.000009 0.000009 0.000000 0.000001 0.000000 0.000028 0.000028 0.000000 0.000000 0.000000 0.000013 0.000013 0.000000 0.000000 0.000000 
0.000331 0.000331 0.000001 0.000001 0.000000 0.000314 0.000314 0.000001 0.000001 0.000000 -0.000048 -0.000048 0.000000 0.000000 0.000000 0.000290 0.000290 0.000001 0.000001 0.000000 -0.000099 -0.000099 0.000000 0.000000 0.000000 -0.000051 -0.000051 0.000000 0.000001 0.000000 0.000308 0.000308 0.000001 0.000001 0.000000 -0.000083 -0.000083 0.000000 0.000000 0.000000 0.000298 0.000298 0.000001 0.000001 0.000000 0.000306 0.000306 0.000001 0.000001 0.000000 0.000302 0.000302 0.000001 0.000001 0.000000 -0.000080 -0.000080 0.000000 0.000000 0.000000 0.000361 0.000361 0.000001 0.000002 0.000000 0.000276 0.000276 0.000001 0.000001 0.000000 -0.000099 -0.000099 0.000000 0.000000 0.000000 0.000235 0.000235 0.000001 0.000001 0.000000 0.000284 0.000284 0.000001 0.000001 0.000000 0.000364 0.000364 0.000001 0.000002 0.000000 0.000239 0.000239 0.000001 0.000001 0.000000 0.000324 0.000324 0.000001 0.000001 0.000000 
0.000063 0.000063 0.000000 0.000000 0.000000 0.000057 0.000057 0.000000 0.000000 0.000000 0.000204 0.000204 0.000001 0.000002 0.000000 0.000065 0.000065 0.000000 0.000000 0.000000 0.000167 0.000167 0.000001 0.000001 0.000000 0.000206 0.000206 0.000001 0.000002 0.000000 0.000060 0.000060 0.000000 0.000000 0.000000 0.000193 0.000193 0.000001 0.000001 0.000000 0.000056 0.000056 0.000000 0.000000 0.000000 0.000046 0.000046 0.000000 0.000000 0.000000 0.000068 0.000068 0.000000 0.000000 0.000000 0.000186 0.000186 0.000001 0.000001 0.000000 0.000070 0.000070 0.000000 0.000000 0.000000 0.000060 0.000060 0.000000 0.000000 0.000000 0.000165 0.000165 0.000001 0.000001 0.000000 0.000040 0.000040 0.000000 0.000000 0.000000 0.000038 0.000038 0.000000 0.000000 0.000000 0.000070 0.000070 0.000000 0.000000 0.000000 0.000040 0.000040 0.000000 0.000000 0.000000 0.000067 0.000067 0.000000 0.000000 0.000000 
0.000000 0.000000 0.000000 0.000000 0.000000 0.000001 0.000001 0.000000 0.000000 0.000000 -0.000017 -0.000017 0.000000 0.000000 0.000000 0.000004 0.000004 0.000000 0.000000 0.000000 -0.000003 -0.000003 0.000000 0.000000 0.000000 -0.000018 -0.000018 0.000000 0.000000 0.000000 0.000000 0.000000 0.000000 0.000000 0.000000 -0.000005 -0.000005 0.000000 0.000000 0.000000 0.000001 0.000001 0.000000 0.000000 0.000000 0.000004 0.000004 0.000000 0.000000 0.000000 0.000004 0.000004 0.000000 0.000000 0.000000 -0.000003 -0.000003 0.000000 0.000000 0.000000 0.000000 0.000000 0.000000 0.000000 0.000000 0.000006 0.000006 0.000000 0.000000 0.000000 -0.000002 -0.000002 0.000000 0.000000 0.000000 0.000008 0.000008 0.000000 0.000000 0.000000 0.000004 0.000004 0.000000 0.000000 0.000000 0.000000 0.000000 0.000000 0.000000 0.000000 0.000008 0.000008 0.000000 0.000000 0.000000 -0.000000 -0.000000 0.000000 0.000000 0.000000 
0.000014 0.000014 0.000000 0.000000 0.000000 0.000014 0.000014 0.000000 0.000000 0.000000 0.000024 0.000024 0.000000 0.000000 0.000000 0.000031 0.000031 0.000000 0.000000 0.000000 0.000016 0.000016 0.000000 0.000000 0.000000 0.000023 0.000023 0.000000 0.000000 0.000000 0.000019 0.000019 0.000000 0.000000 0.000000 0.000012 0.000012 0.000000 0.000000 0.000000 0.000016 0.000016 0.000000 0.000000 0.000000 0.000014 0.000014 0.000000 0.000000 0.000000 0.000032 0.000032 0.000000 0.000000 0.000000 0.000016 0.000016 0.000000 0.000000 0.000000 0.000014 0.000014 0.000001 0.000001 0.000000 0.000033 0.000033 0.000000 0.000000 0.000000 0.000017 0.000017 0.000000 0.000000 0.000000 0.000038 0.000038 0.000000 0.000000 0.000000 0.000015 0.000015 0.000000 0.000000 0.000000 0.000015 0.000015 0.000001 0.000001 0.000000 0.000038 0.000038 0.000000 0.000000 0.000000 0.000018 0.000018 0.000000 0.000000 0.000000 
-0.000004 -0.000004 0.000000 0.000000 0.000000 -0.000003 -0.000003 0.000000 0.000000 0.000000 -0.000020 -0.000020 0.000000 0.000000 0.000000 0.000000 0.000000 0.000000 0.000000 0.000000 -0.000004 -0.000004 0.000000 0.000000 0.000000 -0.000021 -0.000021 0.000000 0.000000 0.000000 -0.000004 -0.000004 0.000000 0.000000 0.000000 -0.000007 -0.000007 0.000000 0.000000 0.000000 -0.000003 -0.000003 0.000000 0.000000 0.000000 -0.000000 -0.000000 0.000000 0.000000 0.000000 0.000000 0.000000 0.000000 0.000000 0.000000 -0.000005 -0.000005 0.000000 0.000000 0.000000 -0.000005 -0.000005 0.000000 0.000000 0.000000 0.000002 0.000002 0.000000 0.000000 0.000000 -0.000003 -0.000003 0.000000 0.000000 0.000000 0.000004 0.000004 0.000000 0.000000 0.000000 0.000000 0.000000 0.000000 0.000000 0.000000 -0.000005 -0.000005 0.000000 0.000000 0.000000 0.000004 0.000004 0.000000 0.000000 0.000000 -0.000004 -0.000004 0.000000 0.000000 0.000000 
0.000039 0.000039 0.000000 0.000000 0.000000 0.000039 0.000039 0.000000 0.000000 0.000000 -0.000027 -0.000027 0.000000 0.000000 0.000000 0.000035 0.000035 0.000000 0.000000 0.000000 -0.000013 -0.000013 0.000000 0.000000 0.000000 -0.000028 -0.000028 0.000000 0.000000 0.000000 0.000033 0.000033 0.000000 0.000000 0.000000 -0.000015 -0.000015 0.000000 0.000000 0.000000 0.000036 0.000036 0.000000 0.000000 0.000000 0.000043 0.000043 0.000000 0.000000 0.000000 0.000036 0.000036 0.000000 0.000000 0.000000 -0.000015 -0.000015 0.000000 0.000000 0.000000 0.000041 0.000041 0.000000 0.000000 0.000000 0.000037 0.000037 0.000000 0.000000 0.000000 -0.000013 -0.000013 0.000000 0.000000 0.000000 0.000033 0.000033 0.000000 0.000000 0.000000 0.000040 0.000040 0.000000 0.000000 0.000000 0.000042 0.000042 0.000000 0.000000 0.000000 0.000033 0.000033 0.000000 0.000000 0.000000 0.000036 0.000036 0.000000 0.000000 0.000000 
0.000026 0.000026 0.000000 0.000000 0.000000 0.000027 0.000027 0.000000 0.000000 0.000000 -0.000024 -0.000024 0.000000 0.000000 0.000000 0.000025 0.000025 0.000000 0.000000 0.000000 -0.000011 -0.000011 0.000000 0.000000 0.000000 -0.000025 -0.000025 0.000000 0.000000 0.000000 0.000023 0.000023 0.000000 0.000000 0.000000 -0.000013 -0.000013 0.000000 0.000000 0.000000 0.000025 0.000025 0.000000 0.000000 0.000000 0.000030 0.000030 0.000000 0.000000 0.000000 0.000026 0.000026 0.000000 0.000000 0.000000 -0.000013 -0.000013 0.000000 0.000000 0.000000 0.000028 0.000028 0.000000 0.000000 0.000000 0.000027 0.000027 0.000000 0.000000 0.000000 -0.000011 -0.000011 0.000000 0.000000 0.000000 0.000027 0.000027 0.000000 0.000000 0.000000 0.000029 0.000029 0.000000 0.000000 0.000000 0.000028 0.000028 0.000000 0.000000 0.000000 0.000028 0.000028 0.000000 0.000000 0.000000 0.000024 0.000024 0.000000 0.000000 0.000000 
0.000039 0.000039 0.000000 0.000000 0.000000 0.000038 0.000038 0.000000 0.000000 0.000000 0.000017 0.000017 0.000000 0.000000 0.000000 0.000049 0.000049 0.000000 0.000000 0.000000 0.000014 0.000014 0.000000 0.000000 0.000000 0.000017 0.000017 0.000000 0.000000 0.000000 0.000041 0.000041 0.000000 0.000000 0.000000 0.000011 0.000011 0.000000 0.000000 0.000000 0.000038 0.000038 0.000000 0.000000 0.000000 0.000040 0.000040 0.000000 0.000000 0.000000 0.000051 0.000051 0.000000 0.000000 0.000000 0.000014 0.000014 0.000000 0.000000 0.000000 0.000041 0.000041 0.000000 0.000000 0.000000 0.000051 0.000051 0.000000 0.000000 0.000000 0.000014 0.000014 0.000000 0.000000 0.000000 0.000055 0.000055 0.000000 0.000000 0.000000 0.000040 0.000040 0.000000 0.000000 0.000000 0.000042 0.000042 0.000000 0.000000 0.000000 0.000056 0.000056 0.000000 0.000000 0.000000 0.000040 0.000040 0.000000 0.000000 0.000000 
0.000038 0.000038 0.000000 0.000000 0.000000 0.000039 0.000039 0.000000 0.000000 0.000000 0.000011 0.000011 0.000000 0.000000 0.000000 0.000057 0.000057 0.000000 0.000000 0.000000 0.000005 0.000005 0.000000 0.000000 0.000000 0.000010 0.000010 0.000000 0.000000 0.000000 0.000044 0.000044 0.000000 0.000000 0.000000 -0.000000 -0.000000 0.000000 0.000000 0.000000 0.000040 0.000040 0.000000 0.000000 0.000000 0.000039 0.000039 0.000000 0.000000 0.000000 0.000060 0.000060 0.000000 0.000000 0.000000 0.000004 0.000004 0.000000 0.000000 0.000000 0.000041 0.000041 0.000001 0.000001 0.000000 0.000060 0.000060 0.000000 0.000000 0.000000 0.000005 0.000005 0.000000 0.000000 0.000000 0.000067 0.000067 0.000000 0.000000 0.000000 0.000040 0.000040 0.000000 0.000000 0.000000 0.000041 0.000041 0.000001 0.000001 0.000000 0.000068 0.000068 0.000000 0.000000 0.000000 0.000043 0.000043 0.000000 0.000000 0.000000 
-0.000003 -0.000003 0.000000 0.000001 0.000000 -0.000002 -0.000002 0.000000 0.000000 0.000000 0.000010 0.000010 0.000000 0.000000 0.000000 0.000018 0.000018 0.000000 0.000000 0.000000 -0.000007 -0.000007 0.000000 0.000000 0.000000 0.000008 0.000008 0.000000 0.000000 0.000000 0.000007 0.000007 0.000000 0.000000 0.000000 -0.000013 -0.000013 0.000000 0.000000 0.000000 0.000001 0.000001 0.000000 0.000000 0.000000 -0.000003 -0.000003 0.000000 0.000001 0.000000 0.000019 0.000019 0.000000 0.000000 0.000000 -0.000007 -0.000007 0.000000 0.000000 0.000000 -0.000003 -0.000003 0.000001 0.000001 0.000000 0.000020 0.000020 0.000000 0.000000 0.000000 -0.000006 -0.000006 0.000000 0.000000 0.000000 0.000025 0.000025 0.000000 0.000001 0.000000 -0.000001 -0.000001 0.000000 0.000001 0.000000 -0.000003 -0.000003 0.000001 0.000001 0.000000 0.000026 0.000026 0.000000 0.000001 0.000000 0.000006 0.000006 0.000000 0.000000 0.000000 
-0.000040 -0.000040 0.000000 0.000001 0.000000 -0.000037 -0.000037 0.000000 0.000000 0.000000 0.000032 0.000032 0.000000 0.000000 0.000000 -0.000026 -0.000026 0.000000 0.000000 0.000000 0.000023 0.000023 0.000000 0.000000 0.000000 0.000030 0.000030 0.000000 0.000000 0.000000 -0.000029 -0.000029 0.000000 0.000000 0.000000 0.000018 0.000018 0.000000 0.000000 0.000000 -0.000032 -0.000032 0.000000 0.000000 0.000000 -0.000040 -0.000040 0.000000 0.000001 0.000000 -0.000027 -0.000027 0.000000 0.000000 0.000000 0.000022 0.000022 0.000000 0.000000 0.000000 -0.000043 -0.000043 0.000001 0.000001 0.000000 -0.000025 -0.000025 0.000000 0.000000 0.000000 0.000023 0.000023 0.000000 0.000000 0.000000 -0.000021 -0.000021 0.000000 0.000001 0.000000 -0.000038 -0.000038 0.000000 0.000001 0.000000 -0.000044 -0.000044 0.000001 0.000001 0.000000 -0.000021 -0.000021 0.000000 0.000001 0.000000 -0.000031 -0.000031 0.000000 0.000000 0.000000 
0.000028 0.000028 0.000000 0.000000 0.000000 0.000028 0.000028 0.000000 0.000000 0.000000 -0.000023 -0.000023 0.000000 0.000000 0.000000 0.000026 0.000026 0.000000 0.000000 0.000000 -0.000010 -0.000010 0.000000 0.000000 0.000000 -0.000024 -0.000024 0.000000 0.000000 0.000000 0.000024 0.000024 0.000000 0.000000 0.000000 -0.000012 -0.000012 0.000000 0.000000 0.000000 0.000026 0.000026 0.000000 0.000000 0.000000 0.000032 0.000032 0.000000 0.000000 0.000000 0.000027 0.000027 0.000000 0.000000 0.000000 -0.000012 -0.000012 0.000000 0.000000 0.000000 0.000030 0.000030 0.000000 0.000000 0.000000 0.000029 0.000029 0.000000 0.000000 0.000000 -0.000010 -0.000010 0.000000 0.000000 0.000000 0.000029 0.000029 0.000000 0.000000 0.000000 0.000031 0.000031 0.000000 0.000000 0.000000 0.000030 0.000030 0.000000 0.000000 0.000000 0.000030 0.000030 0.000000 0.000000 0.000000 0.000025 0.000025 0.000000 0.000000 0.000000 
0.000348 0.000348 0.000001 0.000001 0.000000 0.000328 0.000328 0.000001 0.000001 0.000000 -0.000036 -0.000036 0.000000 0.000001 0.000000 0.000304 0.000304 0.000001 0.000001 0.000000 -0.000102 -0.000102 0.000000 0.000000 0.000000 -0.000039 -0.000039 0.000000 0.000001 0.000000 0.000324 0.000324 0.000001 0.000001 0.000000 -0.000084 -0.000084 0.000000 0.000000 0.000000 0.000311 0.000311 0.000001 0.000001 0.000000 0.000320 0.000320 0.000001 0.000001 0.000000 0.000317 0.000317 0.000001 0.000001 0.000000 -0.000081 -0.000081 0.000000 0.000000 0.000000 0.000379 0.000379 0.000001 0.000002 0.000000 0.000290 0.000290 0.000001 0.000001 0.000000 -0.000102 -0.000102 0.000000 0.000000 0.000000 0.000249 0.000249 0.000001 0.000001 0.000000 0.000297 0.000297 0.000001 0.000001 0.000000 0.000382 0.000382 0.000002 0.000002 0.000000 0.000253 0.000253 0.000001 0.000001 0.000000 0.000340 0.000340 0.000001 0.000001 0.000000 
0.000048 0.000048 0.000000 0.000000 0.000000 0.000047 0.000047 0.000000 0.000000 0.000000 -0.000027 -0.000027 0.000000 0.000000 0.000000 0.000042 0.000042 0.000000 0.000000 0.000000 -0.000015 -0.000015 0.000000 0.000000 0.000000 -0.000028 -0.000028 0.000000 0.000000 0.000000 0.000041 0.000041 0.000000 0.000000 0.000000 -0.000017 -0.000017 0.000000 0.000000 0.000000 0.000044 0.000044 0.000000 0.000000 0.000000 0.000052 0.000052 0.000000 0.000000 0.000000 0.000044 0.000044 0.000000 0.000000 0.000000 -0.000016 -0.000016 0.000000 0.000000 0.000000 0.000051 0.000051 0.000000 0.000000 0.000000 0.000044 0.000044 0.000000 0.000000 0.000000 -0.000014 -0.000014 0.000000 0.000000 0.000000 0.000035 0.000035 0.000000 0.000000 0.000000 0.000047 0.000047 0.000000 0.000000 0.000000 0.000051 0.000051 0.000000 0.000000 0.000000 0.000035 0.000035 0.000000 0.000000 0.000000 0.000044 0.000044 0.000000 0.000000 0.000000 
0.000033 0.000033 0.000000 0.000000 0.000000 0.000033 0.000033 0.000000 0.000000 0.000000 -0.000023 -0.000023 0.000000 0.000000 0.000000 0.000031 0.000031 0.000000 0.000000 0.000000 -0.000010 -0.000010 0.000000 0.000000 0.000000 -0.000024 -0.000024 0.000000 0.000000 0.000000 0.000029 0.000029 0.000000 0.000000 0.000000 -0.000013 -0.000013 0.000000 0.000000 0.000000 0.000031 0.000031 0.000000 0.000000 0.000000 0.000037 0.000037 0.000000 0.000000 0.000000 0.000032 0.000032 0.000000 0.000000 0.000000 -0.000012 -0.000012 0.000000 0.000000 0.000000 0.000035 0.000035 0.000000 0.000000 0.000000 0.000034 0.000034 0.000000 0.000000 0.000000 -0.000010 -0.000010 0.000000 0.000000 0.000000 0.000032 0.000032 0.000000 0.000000 0.000000 0.000035 0.000035 0.000000 0.000000 0.000000 0.000036 0.000036 0.000000 0.000000 0.000000 0.000032 0.000032 0.000000 0.000000 0.000000 0.000031 0.000031 0.000000 0.000000 0.000000 
-0.000016 -0.000016 0.000000 0.000000 0.000000 -0.000014 -0.000014 0.000000 0.000000 0.000000 -0.000030 -0.000030 0.000000 0.000000 0.000000 -0.000012 -0.000012 0.000000 0.000000 0.000000 -0.000012 -0.000012 0.000000 0.000000 0.000000 -0.000030 -0.000030 0.000000 0.000000 0.000000 -0.000016 -0.000016 0.000000 0.000000 0.000000 -0.000014 -0.000014 0.000000 0.000000 0.000000 -0.000014 -0.000014 0.000000 0.000000 0.000000 -0.000012 -0.000012 0.000000 0.000000 0.000000 -0.000013 -0.000013 0.000000 0.000000 0.000000 -0.000013 -0.000013 0.000000 0.000000 0.000000 -0.000017 -0.000017 0.000000 0.000000 0.000000 -0.000010 -0.000010 0.000000 0.000000 0.000000 -0.000011 -0.000011 0.000000 0.000000 0.000000 -0.000010 -0.000010 0.000000 0.000000 0.000000 -0.000011 -0.000011 0.000000 0.000000 0.000000 -0.000018 -0.000018 0.000000 0.000000 0.000000 -0.000010 -0.000010 0.000000 0.000000 0.000000 -0.000016 -0.000016 0.000000 0.000000 0.000000 
-0.000010 -0.000010 0.000000 0.000000 0.000000 -0.000008 -0.000008 0.000000 0.000000 0.000000 -0.000025 -0.000025 0.000000 0.000000 0.000000 -0.000005 -0.000005 0.000000 0.000000 0.000000 -0.000008 -0.000008 0.000000 0.000000 0.000000 -0.000026 -0.000026 0.000000 0.000000 0.000000 -0.000009 -0.000009 0.000000 0.000000 0.000000 -0.000011 -0.000011 0.000000 0.000000 0.000000 -0.000008 -0.000008 0.000000 0.000000 0.000000 -0.000006 -0.000006 0.000000 0.000000 0.000000 -0.000006 -0.000006 0.000000 0.000000 0.000000 -0.000009 -0.000009 0.000000 0.000000 0.000000 -0.000011 -0.000011 0.000000 0.000000 0.000000 -0.000003 -0.000003 0.000000 0.000000 0.000000 -0.000008 -0.000008 0.000000 0.000000 0.000000 -0.000002 -0.000002 0.000000 0.000000 0.000000 -0.000006 -0.000006 0.000000 0.000000 0.000000 -0.000011 -0.000011 0.000000 0.000000 0.000000 -0.000002 -0.000002 0.000000 0.000000 0.000000 -0.000010 -0.000010 0.000000 0.000000 0.000000 
-0.000002 -0.000002 0.000000 0.000000 0.000000 -0.000001 -0.000001 0.000000 0.000000 0.000000 0.000007 0.000007 0.000000 0.000000 0.000000 0.000010 0.000010 0.000000 0.000000 0.000000 0.000016 0.000016 0.000000 0.000000 0.000000 0.000006 0.000006 0.000000 0.000000 0.000000 0.000000 0.000000 0.000000 0.000000 0.000000 0.000013 0.000013 0.000000 0.000000 0.000000 0.000000 0.000000 0.000000 0.000000 0.000000 -0.000000 -0.000000 0.000000 0.000000 0.000000 0.000010 0.000010 0.000000 0.000000 0.000000 0.000015 0.000015 0.000000 0.000000 0.000000 -0.000003 -0.000003 0.000000 0.000000 0.000000 0.000012 0.000012 0.000000 0.000000 0.000000 0.000016 0.000016 0.000000 0.000000 0.000000 0.000015 0.000015 0.000000 0.000000 0.000000 0.000000 0.000000 0.000000 0.000000 0.000000 -0.000003 -0.000003 0.000000 0.000000 0.000000 0.000015 0.000015 0.000000 0.000000 0.000000 -0.000000 -0.000000 0.000000 0.000000 0.000000 
0.000010 0.000010 0.000000 0.000000 0.000000 0.000011 0.000011 0.000000 0.000000 0.000000 0.000008 0.000008 0.000000 0.000000 0.000000 0.000022 0.000022 0.000000 0.000000 0.000000 0.000015 0.000015 0.000000 0.000000 0.000000 0.000007 0.000007 0.000000 0.000000 0.000000 0.000012 0.000012 0.000000 0.000000 0.000000 0.000012 0.000012 0.000000 0.000000 0.000000 0.000011 0.000011 0.000000 0.000000 0.000000 0.000012 0.000012 0.000000 0.000000 0.000000 0.000023 0.000023 0.000000 0.000000 0.000000 0.000014 0.000014 0.000000 0.000000 0.000000 0.000011 0.000011 0.000000 0.000000 0.000000 0.000024 0.000024 0.000000 0.000000 0.000000 0.000015 0.000015 0.000000 0.000000 0.000000 0.000027 0.000027 0.000000 0.000000 0.000000 0.000013 0.000013 0.000000 0.000000 0.000000 0.000011 0.000011 0.000000 0.000000 0.000000 0.000028 0.000028 0.000000 0.000000 0.000000 0.000011 0.000011 0.000000 0.000000 0.000000 
0.000012 0.000012 0.000000 0.000000 0.000000 0.000012 0.000012 0.000000 0.000000 0.000000 0.000008 0.000008 0.000000 0.000000 0.000000 0.000023 0.000023 0.000000 0.000000 0.000000 0.000015 0.000015 0.000000 0.000000 0.000000 0.000007 0.000007 0.000000 0.000000 0.000000 0.000012 0.000012 0.000000 0.000000 0.000000 0.000012 0.000012 0.000000 0.000000 0.000000 0.000012 0.000012 0.000000 0.000000 0.000000 0.000014 0.000014 0.000000 0.000000 0.000000 0.000024 0.000024 0.000000 0.000000 0.000000 0.000014 0.000014 0.000000 0.000000 0.000000 0.000012 0.000012 0.000000 0.000000 0.000000 0.000025 0.000025 0.000000 0.000000 0.000000 0.000015 0.000015 0.000000 0.000000 0.000000 0.000028 0.000028 0.000000 0.000000 0.000000 0.000014 0.000014 0.000000 0.000000 0.000000 0.000012 0.000012 0.000000 0.000000 0.000000 0.000029 0.000029 0.000000 0.000000 0.000000 0.000012 0.000012 0.000000 0.000000 0.000000 
0.000037 0.000037 0.000000 0.000000 0.000000 0.000037 0.000037 0.000000 0.000000 0.000000 -0.000025 -0.000025 0.000000 0.000000 0.000000 0.000034 0.000034 0.000000 0.000000 0.000000 -0.000013 -0.000013 0.000000 0.000000 0.000000 -0.000026 -0.000026 0.000000 0.000000 0.000000 0.000032 0.000032 0.000000 0.000000 0.000000 -0.000015 -0.000015 0.000000 0.000000 0.000000 0.000034 0.000034 0.000000 0.000000 0.000000 0.000041 0.000041 0.000000 0.000000 0.000000 0.000035 0.000035 0.000000 0.000000 0.000000 -0.000015 -0.000015 0.000000 0.000000 0.000000 0.000039 0.000039 0.000000 0.000000 0.000000 0.000036 0.000036 0.000000 0.000000 0.000000 -0.000012 -0.000012 0.000000 0.000000 0.000000 0.000032 0.000032 0.000000 0.000000 0.000000 0.000038 0.000038 0.000000 0.000000 0.000000 0.000040 0.000040 0.000000 0.000000 0.000000 0.000033 0.000033 0.000000 0.000000 0.000000 0.000034 0.000034 0.000000 0.000000 0.000000 
0.000046 0.000046 0.000000 0.000000 0.000000 0.000044 0.000044 0.000000 0.000000 0.000000 0.000008 0.000008 0.000000 0.000000 0.000000 0.000059 0.000059 0.000000 0.000000 0.000000 0.000002 0.000002 0.000000 0.000000 0.000000 0.000007 0.000007 0.000000 0.000000 0.000000 0.000046 0.000046 0.000000 0.000000 0.000000 -0.000001 -0.000001 0.000000 0.000000 0.000000 0.000044 0.000044 0.000000 0.000000 0.000000 0.000047 0.000047 0.000000 0.000000 0.000000 0.000061 0.000061 0.000000 0.000000 0.000000 0.000002 0.000002 0.000000 0.000000 0.000000 0.000049 0.000049 0.000000 0.000000 0.000000 0.000061 0.000061 0.000000 0.000000 0.000000 0.000002 0.000002 0.000000 0.000000 0.000000 0.000065 0.000065 0.000000 0.000000 0.000000 0.000047 0.000047 0.000000 0.000000 0.000000 0.000050 0.000050 0.000000 0.000000 0.000000 0.000066 0.000066 0.000000 0.000000 0.000000 0.000046 0.000046 0.000000 0.000000 0.000000 
0.000236 0.000236 0.000000 0.000001 0.000000 0.000220 0.000220 0.000000 0.000000 0.000000 0.000016 0.000016 0.000000 0.000000 0.000000 0.000208 0.000208 0.000000 0.000000 0.000000 -0.000038 -0.000038 0.000000 0.000000 0.000000 0.000016 0.000016 0.000000 0.000000 0.000000 0.000230 0.000230 0.000000 0.000000 0.000000 -0.000040 -0.000040 0.000000 0.000000 0.000000 0.000210 0.000210 0.000000 0.000000 0.000000 0.000216 0.000216 0.000000 0.000001 0.000000 0.000216 0.000216 0.000000 0.000000 0.000000 -0.000038 -0.000038 0.000000 0.000000 0.000000 0.000255 0.000255 0.000001 0.000001 0.000000 0.000206 0.000206 0.000000 0.000000 0.000000 -0.000038 -0.000038 0.000000 0.000000 0.000000 0.000216 0.000216 0.000000 0.000001 0.000000 0.000212 0.000212 0.000000 0.000001 0.000000 0.000257 0.000257 0.000001 0.000001 0.000000 0.000219 0.000219 0.000000 0.000001 0.000000 0.000230 0.000230 0.000000 0.000000 0.000000 
0.000061 0.000061 0.000000 0.000000 0.000000 0.000056 0.000056 0.000000 0.000000 0.000000 0.000202 0.000202 0.000001 0.000002 0.000000 0.000063 0.000063 0.000000 0.000000 0.000000 0.000167 0.000167 0.000001 0.000001 0.000000 0.000203 0.000203 0.000001 0.000002 0.000000 0.000058 0.000058 0.000000 0.000000 0.000000 0.000192 0.000192 0.000001 0.000001 0.000000 0.000055 0.000055 0.000000 0.000000 0.000000 0.000044 0.000044 0.000000 0.000000 0.000000 0.000066 0.000066 0.000000 0.000000 0.000000 0.000185 0.000185 0.000001 0.000001 0.000000 0.000067 0.000067 0.000000 0.000000 0.000000 0.000058 0.000058 0.000000 0.000000 0.000000 0.000165 0.000165 0.000001 0.000001 0.000000 0.000039 0.000039 0.000000 0.000000 0.000000 0.000036 0.000036 0.000000 0.000000 0.000000 0.000068 0.000068 0.000000 0.000000 0.000000 0.000039 0.000039 0.000000 0.000000 0.000000 0.000065 0.000065 0.000000 0.000000 0.000000 
-0.000002 -0.000002 0.000000 0.000000 0.000000 -0.000001 -0.000001 0.000000 0.000000 0.000000 -0.000013 -0.000013 0.000000 0.000000 0.000000 0.000001 0.000001 0.000000 0.000000 0.000000 0.000002 0.000002 0.000000 0.000000 0.000000 -0.000014 -0.000014 0.000000 0.000000 0.000000 -0.000001 -0.000001 0.000000 0.000000 0.000000 -0.000001 -0.000001 0.000000 0.000000 0.000000 -0.000001 -0.000001 0.000000 0.000000 0.000000 0.000002 0.000002 0.000000 0.000000 0.000000 0.000001 0.000001 0.000000 0.000000 0.000000 0.000001 0.000001 0.000000 0.000000 0.000000 -0.000002 -0.000002 0.000000 0.000000 0.000000 0.000004 0.000004 0.000000 0.000000 0.000000 0.000003 0.000003 0.000000 0.000000 0.000000 0.000006 0.000006 0.000000 0.000000 0.000000 0.000003 0.000003 0.000000 0.000000 0.000000 -0.000002 -0.000002 0.000000 0.000000 0.000000 0.000006 0.000006 0.000000 0.000000 0.000000 -0.000002 -0.000002 0.000000 0.000000 0.000000 
0.000267 0.000267 0.000001 0.000001 0.000000 0.000256 0.000256 0.000001 0.000001 0.000000 -0.000057 -0.000057 0.000000 0.000000 0.000000 0.000232 0.000232 0.000001 0.000001 0.000000 -0.000083 -0.000083 0.000000 0.000000 0.000000 -0.000059 -0.000059 0.000000 0.000000 0.000000 0.000246 0.000246 0.000001 0.000001 0.000000 -0.000069 -0.000069 0.000000 0.000000 0.000000 0.000242 0.000242 0.000001 0.000001 0.000000 0.000249 0.000249 0.000001 0.000001 0.000000 0.000241 0.000241 0.000001 0.000001 0.000000 -0.000067 -0.000067 0.000000 0.000000 0.000000 0.000291 0.000291 0.000001 0.000001 0.000000 0.000221 0.000221 0.000001 0.000001 0.000000 -0.000082 -0.000082 0.000000 0.000000 0.000000 0.000181 0.000181 0.000001 0.000001 0.000000 0.000229 0.000229 0.000001 0.000001 0.000000 0.000293 0.000293 0.000001 0.000001 0.000000 0.000184 0.000184 0.000001 0.000001 0.000000 0.000261 0.000261 0.000001 0.000001 0.000000 
0.000019 0.000019 0.000000 0.000000 0.000000 0.000020 0.000020 0.000000 0.000000 0.000000 0.000023 0.000023 0.000000 0.000000 0.000000 0.000033 0.000033 0.000000 0.000000 0.000000 0.000018 0.000018 0.000000 0.000000 0.000000 0.000022 0.000022 0.000000 0.000000 0.000000 0.000024 0.000024 0.000000 0.000000 0.000000 0.000014 0.000014 0.000000 0.000000 0.000000 0.000021 0.000021 0.000000 0.000000 0.000000 0.000020 0.000020 0.000000 0.000000 0.000000 0.000035 0.000035 0.000000 0.000000 0.000000 0.000017 0.000017 0.000000 0.000000 0.000000 0.000021 0.000021 0.000000 0.000001 0.000000 0.000036 0.000036 0.000000 0.000000 0.000000 0.000018 0.000018 0.000000 0.000000 0.000000 0.000040 0.000040 0.000000 0.000000 0.000000 0.000021 0.000021 0.000000 0.000000 0.000000 0.000021 0.000021 0.000000 0.000001 0.000000 0.000041 0.000041 0.000000 0.000000 0.000000 0.000023 0.000023 0.000000 0.000000 0.000000 
0.000028 0.000028 0.000000 0.000000 0.000000 0.000027 0.000027 0.000000 0.000000 0.000000 0.000022 0.000022 0.000000 0.000000 0.000000 0.000044 0.000044 0.000000 0.000000 0.000000 0.000014 0.000014 0.000000 0.000000 0.000000 0.000021 0.000021 0.000000 0.000000 0.000000 0.000032 0.000032 0.000000 0.000000 0.000000 0.000010 0.000010 0.000000 0.000000 0.000000 0.000028 0.000028 0.000000 0.000000 0.000000 0.000029 0.000029 0.000000 0.000000 0.000000 0.000045 0.000045 0.000000 0.000000 0.000000 0.000014 0.000014 0.000000 0.000000 0.000000 0.000030 0.000030 0.000000 0.000001 0.000000 0.000046 0.000046 0.000000 0.000000 0.000000 0.000014 0.000014 0.000000 0.000000 0.000000 0.000051 0.000051 0.000000 0.000000 0.000000 0.000029 0.000029 0.000000 0.000000 0.000000 0.000030 0.000030 0.000000 0.000001 0.000000 0.000052 0.000052 0.000000 0.000000 0.000000 0.000031 0.000031 0.000000 0.000000 0.000000 
0.000250 0.000250 0.000001 0.000001 0.000000 0.000234 0.000234 0.000001 0.000001 0.000000 0.000008 0.000008 0.000000 0.000000 0.000000 0.000222 0.000222 0.000000 0.000000 0.000000 -0.000043 -0.000043 0.000000 0.000000 0.000000 0.000008 0.000008 0.000000 0.000000 0.000000 0.000241 0.000241 0.000000 0.000001 0.000000 -0.000045 -0.000045 0.000000 0.000000 0.000000 0.000223 0.000223 0.000000 0.000001 0.000000 0.000230 0.000230 0.000001 0.000001 0.000000 0.000231 0.000231 0.000000 0.000001 0.000000 -0.000043 -0.000043 0.000000 0.000000 0.000000 0.000271 0.000271 0.000001 0.000001 0.000000 0.000219 0.000219 0.000000 0.000001 0.000000 -0.000043 -0.000043 0.000000 0.000000 0.000000 0.000223 0.000223 0.000001 0.000001 0.000000 0.000224 0.000224 0.000001 0.000001 0.000000 0.000273 0.000273 0.000001 0.000001 0.000000 0.000226 0.000226 0.000001 0.000001 0.000000 0.000244 0.000244 0.000001 0.000001 0.000000 
0.000066 0.000066 0.000000 0.000000 0.000000 0.000061 0.000061 0.000000 0.000000 0.000000 0.000202 0.000202 0.000001 0.000002 0.000000 0.000068 0.000068 0.000000 0.000000 0.000000 0.000168 0.000168 0.000001 0.000001 0.000000 0.000204 0.000204 0.000001 0.000002 0.000000 0.000063 0.000063 0.000000 0.000000 0.000000 0.000194 0.000194 0.000001 0.000001 0.000000 0.000059 0.000059 0.000000 0.000000 0.000000 0.000049 0.000049 0.000000 0.000000 0.000000 0.000071 0.000071 0.000000 0.000000 0.000000 0.000187 0.000187 0.000001 0.000001 0.000000 0.000073 0.000073 0.000000 0.000000 0.000000 0.000062 0.000062 0.000000 0.000000 0.000000 0.000167 0.000167 0.000001 0.000001 0.000000 0.000041 0.000041 0.000000 0.000000 0.000000 0.000040 0.000040 0.000000 0.000000 0.000000 0.000073 0.000073 0.000000 0.000000 0.000000 0.000042 0.000042 0.000000 0.000000 0.000000 0.000070 0.000070 0.000000 0.000000 0.000000 
0.000059 0.000059 0.000000 0.000000 0.000000 0.000055 0.000055 0.000000 0.000000 0.000000 0.000195 0.000195 0.000001 0.000002 0.000000 0.000062 0.000062 0.000000 0.000000 0.000000 0.000164 0.000164 0.000001 0.000001 0.000000 0.000197 0.000197 0.000001 0.000002 0.000000 0.000057 0.000057 0.000000 0.000000 0.000000 0.000188 0.000188 0.000001 0.000001 0.000000 0.000054 0.000054 0.000000 0.000000 0.000000 0.000043 0.000043 0.000000 0.000000 0.000000 0.000064 0.000064 0.000000 0.000000 0.000000 0.000181 0.000181 0.000001 0.000001 0.000000 0.000066 0.000066 0.000000 0.000000 0.000000 0.000057 0.000057 0.000000 0.000000 0.000000 0.000162 0.000162 0.000001 0.000001 0.000000 0.000039 0.000039 0.000000 0.000000 0.000000 0.000036 0.000036 0.000000 0.000000 0.000000 0.000066 0.000066 0.000000 0.000000 0.000000 0.000040 0.000040 0.000000 0.000000 0.000000 0.000064 0.000064 0.000000 0.000000 0.000000 
0.000062 0.000062 0.000000 0.000000 0.000000 0.000057 0.000057 0.000000 0.000000 0.000000 0.000208 0.000208 0.000001 0.000002 0.000000 0.000065 0.000065 0.000000 0.000000 0.000000 0.000170 0.000170 0.000001 0.000001 0.000000 0.000209 0.000209 0.000002 0.000002 0.000000 0.000060 0.000060 0.000000 0.000000 0.000000 0.000195 0.000195 0.000001 0.000001 0.000000 0.000056 0.000056 0.000000 0.000000 0.000000 0.000045 0.000045 0.000000 0.000000 0.000000 0.000068 0.000068 0.000000 0.000000 0.000000 0.000188 0.000188 0.000001 0.000001 0.000000 0.000069 0.000069 0.000000 0.000000 0.000000 0.000059 0.000059 0.000000 0.000000 0.000000 0.000168 0.000168 0.000001 0.000001 0.000000 0.000041 0.000041 0.000000 0.000000 0.000000 0.000037 0.000037 0.000000 0.000000 0.000000 0.000069 0.000069 0.000000 0.000000 0.000000 0.000041 0.000041 0.000000 0.000000 0.000000 0.000067 0.000067 0.000000 0.000000 0.000000 
0.000068 0.000068 0.000000 0.000000 0.000000 0.000062 0.000062 0.000000 0.000000 0.000000 0.000207 0.000207 0.000001 0.000002 0.000000 0.000070 0.000070 0.000000 0.000000 0.000000 0.000170 0.000170 0.000001 0.000001 0.000000 0.000209 0.000209 0.000002 0.000002 0.000000 0.000065 0.000065 0.000000 0.000000 0.000000 0.000197 0.000197 0.000001 0.000001 0.000000 0.000061 0.000061 0.000000 0.000000 0.000000 0.000051 0.000051 0.000000 0.000000 0.000000 0.000073 0.000073 0.000000 0.000000 0.000000 0.000189 0.000189 0.000001 0.000001 0.000000 0.000076 0.000076 0.000000 0.000000 0.000000 0.000064 0.000064 0.000000 0.000000 0.000000 0.000168 0.000168 0.000001 0.000001 0.000000 0.000043 0.000043 0.000000 0.000000 0.000000 0.000042 0.000042 0.000000 0.000000 0.000000 0.000076 0.000076 0.000000 0.000000 0.000000 0.000044 0.000044 0.000000 0.000000 0.000000 0.000073 0.000073 0.000000 0.000000 0.000000 
-0.001953 -0.001953 0.000187 0.000213 0.000000 
-0.001943 -0.001943 0.000191 0.000217 0.000000 
0.001324 0.001324 0.000064 0.000073 0.000000 
-0.001850 -0.001850 0.000193 0.000220 0.000000 
0.001572 0.001572 0.000063 0.000072 0.000000 
0.001356 0.001356 0.000066 0.000075 0.000000 
-0.001887 -0.001887 0.000193 0.000220 0.000000 
0.001520 0.001520 0.000059 0.000067 0.000000 
-0.002043 -0.002043 0.000215 0.000245 0.000000 
-0.001860 -0.001860 0.000187 0.000213 0.000000 
-0.001779 -0.001779 0.000188 0.000215 0.000000 
0.001535 0.001535 0.000060 0.000068 0.000000 
-0.001893 -0.001893 0.000184 0.000209 0.000000 
-0.001765 -0.001765 0.000186 0.000212 0.000000 
0.001529 0.001529 0.000059 0.000068 0.000000 
-0.001753 -0.001753 0.000180 0.000205 0.000000 
-0.001827 -0.001827 0.000193 0.000220 0.000000 
-0.001882 -0.001882 0.000181 0.000207 0.000000 
-0.001757 -0.001757 0.000188 0.000215 0.000000 
-0.001933 -0.001933 0.000202 0.000230 0.000000 


-0.000384 -0.000384 0.000070 0.000080 0.000000 
-0.001160 -0.001160 0.000080 0.000091 0.000000 
-0.015974 -0.015974 0.002360 0.002689 0.000000 
-0.004947 -0.004947 0.000448 0.000511 0.000000 
0.000607 0.000607 0.000069 0.000079 0.000000 
-0.002535 -0.002535 0.000313 0.000357 0.000000 
-0.002093 -0.002093 0.000024 0.000027 0.000000 
-0.000209 -0.000209 0.000014 0.000016 0.000000 
0.001696 0.001696 0.000015 0.000017 0.000000 
0.001574 0.001574 0.000017 0.000020 0.000000 
-0.002381 -0.002381 0.000050 0.000057 0.000000 
0.000808 0.000808 0.000019 0.000022 0.000000 
0.001590 0.001590 0.000019 0.000022 0.000000 
0.000823 0.000823 0.000025 0.000028 0.000000 
0.001007 0.001007 0.000024 0.000027 0.000000 
0.001715 0.001715 0.000019 0.000021 0.000000 
-0.001752 -0.001752 0.000044 0.000050 0.000000 
0.000322 0.000322 0.000014 0.000016 0.000000 
0.000875 0.000875 0.000024 0.000028 0.000000 
0.000406 0.000406 0.000014 0.000016 0.000000 
0.000772 0.000772 0.000014 0.000016 0.000000 
0.000412 0.000412 0.000012 0.000014 0.000000 
0.000529 0.000529 0.000018 0.000020 0.000000 
0.001064 0.001064 0.000030 0.000034 0.000000 
0.000949 0.000949 0.000022 0.000025 0.000000 
0.001054 0.001054 0.000024 0.000027 0.000000 
0.000778 0.000778 0.000014 0.000016 0.000000 
0.001671 0.001671 0.000019 0.000022 0.000000 
0.000839 0.000839 0.000015 0.000017 0.000000 
0.000390 0.000390 0.000012 0.000014 0.000000 
0.000513 0.000513 0.000011 0.000013 0.000000 
0.000440 0.000440 0.000014 0.000017 0.000000 
0.000342 0.000342 0.000018 0.000020 0.000000 
0.000301 0.000301 0.000017 0.000019 0.000000 
0.000263 0.000263 0.000016 0.000018 0.000000 
0.000660 0.000660 0.000012 0.000014 0.000000 
0.000505 0.000505 0.000019 0.000021 0.000000 
0.001747 0.001747 0.000024 0.000027 0.000000 
-0.001811 -0.001811 0.000047 0.000054 0.000000 
0.000250 0.000250 0.000014 0.000016 0.000000 
0.001648 0.001648 0.000019 0.000022 0.000000 
0.000999 0.000999 0.000026 0.000030 0.000000 
0.000843 0.000843 0.000023 0.000026 0.000000 
0.001621 0.001621 0.000021 0.000024 0.000000 
-0.001882 -0.001882 0.000050 0.000056 0.000000 
-0.002122 -0.002122 0.000043 0.000048 0.000000 
-0.001706 -0.001706 0.000040 0.000046 0.000000 
-0.001882 -0.001882 0.000047 0.000054 0.000000 
0.000476 0.000476 0.000009 0.000010 0.000000 
0.000445 0.000445 0.000008 0.000009 0.000000 
0.000035 0.000035 0.000003 0.000003 0.000000 
0.000484 0.000484 0.000006 0.000007 0.000000 
-0.000109 -0.000109 0.000002 0.000002 0.000000 
0.000029 0.000029 0.000003 0.000004 0.000000 
0.000477 0.000477 0.000008 0.000009 0.000000 
-0.000094 -0.000094 0.000002 0.000003 0.000000 
0.000431 0.000431 0.000006 0.000007 0.000000 
0.000416 0.000416 0.000010 0.000011 0.000000 
0.000504 0.000504 0.000008 0.000009 0.000000 
-0.000080 -0.000080 0.000002 0.000002 0.000000 
0.000517 0.000517 0.000013 0.000015 0.000000 
0.000478 0.000478 0.000007 0.000008 0.000000 
-0.000106 -0.000106 0.000002 0.000002 0.000000 
0.000471 0.000471 0.000009 0.000010 0.000000 
0.000400 0.000400 0.000009 0.000010 0.000000 
0.000521 0.000521 0.000013 0.000015 0.000000 
0.000478 0.000478 0.000010 0.000011 0.000000 
0.000485 0.000485 0.000008 0.000009 0.000000 
-0.003358 -0.003358 0.001276 0.001454 0.000000 
0.000000 0.122331 0.000000 
