0.021930 
0.033489 
0.004254 
0.003781 
0.004489 
0.014663 
0.440463 
0.005392 
0.005162 
0.004276 
0.001663 
0.034126 
0.002856 
0.055318 
0.006891 
0.001701 
0.063598 
0.010346 
0.007184 
0.028543 
0.003054 
0.002053 
0.004818 
0.003580 
0.006464 
0.004051 
0.018676 
0.887556 
0.023353 
0.005831 
0.065339 
0.004649 
0.008188 
0.004164 
0.663428 
0.003239 
0.002395 
0.998541 
0.009514 
0.007757 
0.016727 
0.001962 
0.006574 
0.010176 
0.001768 
0.005680 
0.023755 
0.009437 
0.262385 
0.003321 
0.004087 
0.006693 
0.003847 
0.007672 
0.006393 
0.045352 
0.004271 
0.074384 
0.003183 
0.012697 
0.011387 
0.999030 
0.013233 
0.013333 
0.002371 
0.002720 
0.004977 
0.002215 
0.008303 
0.002999 
0.010036 
0.004417 
0.004262 
0.014463 
0.779541 
0.004262 
0.001638 
0.018917 
0.004994 
0.999281 
0.003963 
0.010555 
0.002994 
0.006494 
0.003591 
0.005277 
0.018979 
0.012756 
0.045882 
0.002670 
0.017605 
0.008797 
0.002295 
0.003408 
0.062029 
0.025508 
0.010607 
0.005785 
0.002629 
0.003916 
0.005785 
0.003995 
0.009046 
0.006503 
0.012965 
0.003608 
0.003864 
0.012062 
0.003300 
0.008815 
0.018930 
0.007077 
0.019866 
0.003370 
0.998777 
0.003182 
0.032714 
0.003662 
0.005327 
0.013140 
0.002089 
0.005951 
0.733491 
0.002016 
0.273991 
0.006458 
0.003279 
0.002711 
0.007317 
0.999216 
0.071624 
0.009499 
0.006223 
0.004104 
0.005620 
0.004358 
0.005128 
0.003312 
0.002396 
0.007555 
0.002552 
0.017101 
0.018534 
0.017848 
0.020294 
0.008870 
0.010879 
0.005381 
0.007728 
0.005765 
0.005740 
0.006202 
0.003373 
0.001939 
0.003998 
0.027028 
0.023868 
0.004290 
0.791922 
0.009299 
0.005927 
0.026785 
0.983487 
0.012529 
0.002726 
0.019117 
0.002964 
0.027062 
0.002649 
0.004261 
0.008713 
0.013636 
0.010533 
0.007354 
0.007331 
0.010021 
0.007359 
0.001903 
0.009435 
0.007849 
0.001453 
0.008353 
0.010073 
0.002322 
0.014455 
0.001745 
0.017590 
0.004766 
0.003437 
0.003040 
0.005395 
0.009639 
0.002826 
0.027766 
0.036605 
0.006198 
0.004010 
0.005439 
0.004038 
0.308462 
0.003635 
0.025118 
0.012096 
0.002788 
0.003721 
0.012496 
0.006566 
0.009757 
0.006809 
0.016556 
0.007839 
0.260157 
0.020035 
0.005288 
0.008177 
0.011562 
0.001967 
0.023217 
0.006094 
0.008036 
0.003696 
0.005129 
0.005068 
0.005666 
0.036896 
0.003703 
0.018215 
0.020366 
0.004521 
0.001960 
0.002424 
0.009009 
0.002651 
0.003287 
0.004687 
0.145673 
0.004508 
0.003794 
0.981324 
0.038397 
0.003185 
0.006408 
0.004177 
0.003427 
0.006146 
0.003188 
0.006233 
0.008819 
0.001763 
0.016986 
0.003338 
0.013242 
0.004051 
0.013632 
0.008107 
0.009793 
0.002850 
0.001090 
0.008006 
0.005300 
0.006445 
0.015334 
0.011620 
0.002398 
0.056219 
0.004852 
0.038306 
0.012027 
0.003112 
0.006084 
0.005805 
0.006197 
0.011676 
0.068166 
0.962848 
0.003244 
0.017631 
0.031937 
0.009188 
0.004392 
0.007865 
0.002490 
0.006539 
0.007544 
0.040838 
0.551110 
0.004983 
0.004801 
0.009390 
0.010180 
0.002919 
0.008628 
0.007723 
0.029046 
0.690571 
0.997892 
0.002342 
0.001188 
0.007323 
0.004169 
0.001990 
0.006532 
0.003778 
0.001894 
0.015564 
0.999864 
0.012385 
0.008625 
0.008202 
0.004752 
0.903715 
0.004750 
0.005591 
0.001210 
0.034269 
0.010430 
0.002960 
0.019353 
0.009420 
0.001646 
0.014814 
0.009735 
0.003476 
0.006577 
0.027280 
0.010153 
0.994753 
0.009549 
0.004331 
0.001437 
0.012696 
0.017423 
0.003213 
0.008746 
0.001838 
0.004433 
0.004897 
0.018161 
0.002837 
0.006221 
0.005900 
0.996605 
0.006967 
0.005426 
0.005954 
0.006477 
0.004337 
0.008341 
0.004026 
0.012143 
0.006731 
0.005419 
0.011049 
0.007924 
0.002080 
0.035255 
0.034062 
0.843187 
0.002030 
0.002934 
0.026342 
0.002758 
0.006195 
0.001854 
0.003069 
0.003133 
0.027346 
0.003263 
0.002582 
0.004468 
0.149310 
0.019990 
0.987937 
0.002663 
0.002923 
0.003201 
0.005250 
0.025274 
0.009699 
0.003380 
0.003069 
0.002792 
0.005544 
0.001932 
0.003050 
0.999427 
0.011924 
0.009611 
0.005087 
0.007915 
0.999616 
0.010090 
0.008407 
0.009578 
0.217186 
0.004632 
0.002050 
0.005389 
0.938124 
0.378417 
0.999708 
0.003917 
0.005032 
0.005302 
0.037559 
0.002382 
0.414621 
0.034426 
0.003699 
0.254661 
0.002171 
0.003687 
0.000448 
0.008102 
0.003401 
0.844594 
0.003512 
0.006322 
0.007200 
0.987674 
0.028948 
0.995379 
0.007436 
0.002159 
0.003285 
0.007463 
0.015336 
0.006500 
0.005390 
0.036001 
0.997955 
0.001247 
0.003822 
0.006507 
0.008735 
0.008458 
0.004953 
0.013429 
0.005543 
0.011241 
0.005443 
0.011023 
0.283982 
0.005982 
0.001145 
0.001700 
0.004689 
0.023189 
0.943706 
0.016412 
0.006012 
0.003452 
0.018184 
0.018301 
0.043900 
0.013817 
0.005974 
0.004548 
0.001331 
0.012311 
0.009306 
0.011047 
0.106829 
0.463570 
0.008783 
0.000866 
0.081665 
0.012004 
0.004115 
0.007798 
0.003307 
0.004064 
0.931246 
0.945218 
0.006563 
0.007491 
0.005662 
0.003486 
0.006446 
0.002301 
0.006882 
0.004863 
0.009218 
0.995588 
0.012353 
0.001781 
0.056256 
0.002954 
0.001439 
0.005772 
0.002853 
0.020692 
0.014668 
0.004366 
0.008974 
0.012511 
0.002110 
0.008413 
0.014689 
0.015122 
0.008675 
0.003513 
0.005946 
0.941309 
0.606223 
0.006013 
0.002088 
0.008570 
0.011966 
0.004430 
0.006140 
0.998714 
0.003930 
0.006140 
0.004304 
0.999763 
0.003913 
0.004526 
0.016481 
0.004454 
0.006712 
0.397056 
0.043721 
0.001969 
0.698186 
0.002689 
0.043796 
0.994316 
0.003673 
0.007980 
0.839063 
0.939619 
0.439285 
0.999672 
0.005282 
0.016399 
0.010840 
0.009463 
0.010096 
0.005103 
0.003941 
0.015640 
0.011985 
0.030654 
0.032620 
0.004865 
0.001813 
0.002897 
0.007643 
0.002751 
0.002546 
0.007648 
0.007608 
0.004676 
0.013595 
0.002813 
0.003803 
0.009169 
0.010774 
0.016856 
0.003114 
0.002621 
0.004265 
0.005501 
0.005483 
0.008273 
0.010853 
0.492097 
0.007399 
0.002057 
0.008967 
0.007013 
0.003076 
0.005137 
0.007884 
0.035057 
0.011942 
0.894402 
0.007900 
0.021345 
0.021336 
0.005142 
0.003273 
0.010634 
0.031756 
0.003338 
0.011370 
0.998561 
0.999798 
0.002380 
0.009580 
0.019910 
0.013600 
0.002108 
0.006688 
0.004722 
0.005304 
0.007973 
0.004273 
0.005228 
0.997953 
0.005004 
0.006585 
0.003696 
0.002085 
0.019060 
0.017196 
0.003698 
0.985928 
0.007805 
0.005124 
0.004132 
0.007476 
0.022632 
0.012620 
0.011050 
0.001805 
0.626262 
0.002763 
0.002326 
0.040437 
0.011298 
0.015405 
0.009854 
0.008270 
0.024076 
0.008268 
0.005841 
0.007966 
0.011287 
0.055068 
0.005797 
0.149642 
0.467576 
0.013666 
0.005345 
0.010019 
0.003142 
0.004656 
0.014804 
0.010286 
0.003561 
0.002919 
0.064944 
0.011882 
0.006738 
0.003234 
0.008339 
0.008278 
0.002079 
0.009209 
0.345364 
0.002423 
0.002086 
0.002799 
0.002446 
0.002279 
0.005333 
0.007095 
0.001816 
0.011429 
0.004847 
0.004659 
0.002056 
0.002896 
0.015329 
0.002432 
0.019368 
0.493394 
0.011134 
0.007685 
0.002317 
0.001994 
0.004305 
0.956714 
0.004963 
0.019264 
0.037429 
0.010471 
0.032252 
0.007969 
0.003498 
0.739307 
0.036306 
0.000916 
0.101310 
0.080629 
0.004697 
0.018826 
0.002299 
0.040227 
0.004967 
0.003684 
0.004534 
0.029509 
0.033767 
0.014149 
0.437949 
0.014860 
0.006561 
0.002110 
0.003098 
0.003626 
0.917003 
0.007908 
0.017499 
0.003620 
0.005510 
0.002374 
0.005512 
0.020087 
0.004466 
0.002370 
0.004888 
0.007973 
0.005661 
0.007638 
0.007251 
0.015827 
0.004051 
0.009764 
0.013825 
0.017899 
0.008263 
0.010373 
0.012995 
0.003750 
0.003778 
0.007066 
0.002602 
0.006728 
0.000905 
0.009007 
0.004622 
0.007301 
0.003037 
0.003907 
0.114955 
0.005485 
0.010456 
0.010008 
0.998713 
0.148863 
0.002265 
0.006827 
0.003025 
0.007563 
0.007318 
0.025827 
0.033276 
0.024028 
0.765476 
0.003315 
0.833124 
0.005577 
0.002463 
0.972918 
0.001634 
0.016128 
0.056891 
0.007442 
0.056939 
0.007819 
0.013447 
0.002032 
0.017641 
0.003038 
0.999655 
0.004283 
0.007712 
0.003825 
0.001780 
0.000829 
0.001831 
0.291121 
0.004595 
0.002797 
0.001739 
0.008888 
0.002482 
0.037790 
0.009890 
0.004055 
0.003776 
0.020787 
0.004234 
0.024930 
0.031620 
0.047181 
0.005138 
0.006087 
0.006588 
0.003227 
0.003581 
0.011288 
0.006331 
0.010925 
0.004948 
0.004008 
0.002581 
0.004313 
0.005901 
0.997283 
0.006853 
0.012666 
0.002962 
0.005730 
0.004550 
0.005649 
0.004826 
0.003589 
0.007657 
0.887107 
0.005032 
0.163793 
0.002147 
0.003485 
0.008397 
0.004355 
0.